42
414
562
585
614
718
921
973
1040
1041
1042
1043
1044
1045
1046
1047
1048
1049
1050
1051
1052
1053
1054
1055
1056
1057
1058
1059
1060
1061
1062
1063
1064
1065
1066
1067
1068
1069
1070
1071
1072
1073
1074
1075
1076
1077
1078
1079
1080
1081
1082
1083
1084
1085
1086
1087
1088
1089
1090
1091
1394
1446
1498
1550
1583
1602
1654
1706
1758
1790
1796
1848
1892
1914
2000
2052
2070
2382
2642
2675
2676
2888
2940
2996
3013
3133
3198
3252
3253
3304
4396
4397
