87
52
1.7592E-3
1.8392E-3
-1.8179E-5
-1.9571E-4
4.7630E-4
-2.7537E-5
2.8610E-5
1.7339E-4
2.8133E-5
1.1315E-3
7.4506E-6
-6.6876E-5
-2.6822E-6
5.9426E-5
1.0262E-3
-2.7990E-4
-9.9838E-5
-3.4511E-5
-7.8797E-5
1.5560E-3
-1.1861E-5
-1.0705E-4
1.0979E-4
-1.2487E-4
2.4736E-5
1.7627E-3
1.8695E-3
2.0846E-3
2.6584E-5
2.3365E-5
-2.5183E-4
-1.5736E-4
-5.0187E-5
2.7478E-5
-3.5763E-6
-1.6803E-4
1.8597E-3
1.6464E-3
2.0319E-4
-6.1631E-5
-2.1696E-4
3.1841E-4
7.6950E-5
-3.1710E-5
4.4614E-4
2.3115E-4
1.8889E-4
-3.1322E-4
3.0667E-4
2.3139E-4
2.2869E-3
2.0070E-3
1.6563E-3
-6.2019E-5
2.4608E-4
-7.5579E-5
1.2839E-3
-1.2299E-4
-1.3369E-4
6.2883E-5
-3.2961E-5
1.6516E-4
-3.8230E-4
8.7440E-5
1.0317E-3
3.5328E-4
6.0976E-5
1.3794E-3
-6.4552E-5
3.6776E-5
4.0174E-5
1.4216E-4
5.4371E-4
3.0833E-4
2.2894E-4
1.4693E-4
5.0008E-5
-4.6730E-5
2.2181E-3
5.2810E-5
1.0055E-4
-2.0325E-5
-6.7949E-6
1.0439E-3
1.0768E-3
1.2946E-4
1.1032E-3
-3.0375E-4
8.4460E-5
-3.1888E-5
7.3254E-5
-3.5995E-4
1.8466E-4
-3.1352E-5
1.7577E-3
2.1815E-5
-2.9594E-4
2.3663E-4
2.5916E-4
1.4677E-3
7.7903E-5
2.3037E-4
-2.0033E-4
2.1576E-3
-1.7244E-4
-5.0217E-5
-4.1723E-5
-1.6549E-4
1.8364E-3
-2.7567E-4
-2.7481E-4
-9.4891E-5
9.2059E-4
-8.8334E-5
-2.4790E-4
1.1969E-4
1.9073E-5
2.5731E-4
-7.5698E-6
1.4096E-4
-7.8619E-5
1.2623E-3
-4.7648E-4
-1.7494E-4
-4.6313E-5
-1.2326E-4
-2.2399E-4
5.1326E-4
-1.2964E-4
-1.8120E-5
2.2264E-3
1.3047E-4
1.2428E-4
1.5444E-4
2.0623E-5
1.0990E-3
9.3162E-5
1.6057E-4
5.9187E-5
3.7551E-6
1.5372E-4
1.2618E-3
2.1971E-3
3.9226E-4
1.1808E-4
-5.6267E-5
-3.7301E-4
2.4961E-3
9.7930E-5
1.7381E-3
-1.5378E-5
1.0307E-3
-1.4222E-4
-7.2420E-5
-4.8524E-4
1.0210E-4
1.6212E-5
-4.9502E-5
2.1175E-4
1.0070E-4
7.3075E-5
-1.0976E-4
1.2851E-4
7.9215E-5
1.4937E-4
1.5944E-4
-1.0306E-4
1.4007E-5
7.8261E-5
9.7871E-5
1.4232E-3
-1.1265E-4
-1.1826E-4
-1.0324E-4
-8.0764E-5
9.2804E-5
-4.6849E-4
-1.4120E-4
-5.4240E-6
-2.0951E-4
-8.0407E-5
1.1206E-5
-2.9445E-5
1.5497E-5
1.3530E-5
5.1856E-6
7.8321E-5
-5.8234E-5
-2.0331E-4
2.9427E-4
8.8704E-4
-5.9605E-6
1.1140E-3
7.2891E-4
2.6345E-4
-2.5535E-4
-2.1374E-4
7.7128E-5
1.9932E-4
1.5572E-3
3.1173E-4
5.9259E-4
-1.7262E-4
1.2570E-3
3.0160E-5
-4.7088E-5
2.9600E-4
-8.4698E-5
-1.2743E-4
2.4557E-5
-1.4871E-5
-2.1273E-4
2.0385E-4
1.9825E-4
9.1910E-5
6.8671E-4
1.8888E-3
1.6165E-3
1.1380E-3
-2.0182E-4
6.3419E-5
1.8775E-4
2.1994E-5
8.6129E-5
4.3160E-4
2.9206E-5
-2.4456E-4
-2.9385E-5
-4.4286E-5
1.9509E-4
-1.0037E-4
1.4007E-5
1.2362E-4
-4.1384E-4
5.4300E-5
-4.1878E-4
3.6359E-6
9.1672E-5
-1.7565E-4
-2.5588E-4
-1.1170E-4
1.6093E-5
-2.5958E-4
5.4836E-5
8.3476E-4
2.0981E-5
-2.8610E-4
1.2886E-3
-1.0556E-4
-3.7611E-5
-1.8227E-4
3.3319E-4
3.6961E-4
-5.6803E-5
7.2777E-5
2.7943E-4
-2.6411E-4
1.3101E-4
4.2850E-4
-7.4446E-5
-1.7712E-4
8.4639E-6
-2.1100E-5
3.5763E-7
3.0875E-4
1.0747E-4
-2.3580E-4
-1.1861E-5
3.1221E-4
1.4156E-4
1.3371E-3
-6.1393E-6
4.0352E-5
-1.8001E-5
5.7930E-4
4.0394E-4
-3.9279E-5
1.5259E-4
-4.5156E-4
1.2605E-3
1.4051E-3
5.2571E-5
3.9220E-5
1.9209E-3
-1.2368E-4
1.6784E-3
-1.2875E-5
-1.0628E-4
-5.1016E-4
-3.5042E-4
-4.1246E-5
-8.5652E-5
-3.3689E-4
1.8418E-5
-9.2208E-5
-6.7711E-5
1.4833E-3
-1.6874E-4
-2.0468E-4
-1.5074E-4
-2.5177E-4
1.2861E-3
-3.2663E-5
1.6236E-4
-2.2483E-4
-3.1114E-5
-2.2388E-4
4.0048E-4
2.0248E-4
1.1592E-3
1.6345E-3
-3.9870E-4
0.0000E+0
1.5392E-3
1.1109E-3
-1.0046E-4
-1.6525E-4
-1.9374E-4
-1.0529E-4
-1.7220E-4
1.3734E-3
-1.3679E-4
-4.7565E-5
2.5153E-5
7.5281E-5
3.5143E-4
1.8014E-3
3.7408E-4
1.5851E-3
2.4211E-4
-3.3379E-6
1.7005E-4
-9.5963E-5
-2.4974E-4
3.6120E-4
1.0186E-4
1.1379E-4
3.3975E-5
9.8395E-4
7.3910E-5
-1.9145E-4
1.4507E-3
1.0031E-4
3.1817E-4
-1.1802E-5
1.8985E-3
-9.1791E-6
8.8096E-5
-2.5630E-6
3.9160E-4
1.1246E-3
-2.6631E-4
-6.3181E-6
1.0034E-3
1.5146E-4
1.3583E-3
-1.7601E-4
1.6057E-3
-2.0480E-4
1.4557E-3
3.5226E-5
3.5399E-4
1.5057E-3
-1.7101E-4
-8.8245E-5
1.7941E-4
1.7375E-5
-2.1338E-5
-2.3261E-4
5.5134E-5
2.9504E-5
6.7812E-4
-1.7464E-5
4.2558E-5
5.7340E-5
1.8835E-4
-1.6230E-4
1.6618E-4
-3.1888E-5
1.7923E-4
2.3657E-4
4.5806E-4
2.0021E-4
-2.8515E-4
-3.4213E-4
2.4670E-4
1.7058E-3
1.8942E-4
1.7935E-4
5.3227E-5
8.5115E-5
1.0693E-3
2.1112E-4
5.4836E-5
4.7588E-4
6.3002E-5
3.0178E-4
-2.9749E-4
-4.8280E-6
-4.1068E-5
-3.4320E-4
1.1287E-3
-2.4080E-4
-6.9678E-5
4.0209E-4
-1.1480E-4
2.4766E-4
-2.5421E-4
2.0438E-4
1.5366E-4
1.9491E-5
7.2658E-5
-1.7732E-4
1.7450E-3
2.0134E-4
1.8042E-4
-3.3632E-4
-2.0176E-5
-2.0769E-4
2.1437E-4
-2.1380E-4
2.8342E-5
-1.3682E-4
1.9053E-3
-3.4219E-4
1.9657E-3
-1.6272E-5
1.1921E-4
3.1590E-6
-1.5396E-4
-7.6711E-5
1.1200E-4
-2.2817E-4
-9.4831E-5
-2.7806E-4
1.6052E-4
4.0114E-5
7.7128E-5
-3.2604E-5
1.2501E-3
9.8050E-4
5.1737E-5
-6.7294E-5
7.0310E-4
-2.4647E-4
3.2157E-4
1.6496E-3
2.4354E-4
-1.5414E-4
-1.9431E-5
-1.4001E-4
-1.7619E-4
3.0935E-5
4.1723E-7
2.9719E-4
-8.2254E-5
1.2648E-4
-3.1531E-5
1.2906E-3
-3.4022E-4
1.1104E-4
8.2320E-4
1.4752E-3
-8.4043E-6
-2.8014E-4
2.6667E-4
-3.9816E-4
-4.1705E-4
-1.7345E-5
1.4016E-3
-2.7174E-4
-2.0680E-4
-9.9272E-5
-1.1915E-4
-2.8080E-4
-2.1240E-4
-2.9421E-4
-8.9407E-5
1.1414E-4
-8.2433E-5
1.2255E-3
8.0675E-4
-2.8843E-4
1.8599E-3
-1.3232E-4
1.4341E-4
2.3246E-4
-2.5159E-4
1.3499E-3
-2.5630E-5
1.9095E-3
1.3649E-5
-6.7055E-5
-3.0553E-4
-1.1563E-5
3.2783E-6
1.3264E-3
-8.0228E-5
1.7921E-3
-8.9407E-5
1.1378E-3
2.6882E-5
-1.1528E-4
-2.7168E-4
1.9745E-3
-4.8590E-4
-3.8147E-5
-5.5426E-4
-4.5592E-4
-4.2856E-5
1.9401E-4
1.0860E-3
4.9710E-5
1.6772E-3
-2.2346E-4
1.0075E-3
-3.5822E-5
2.2471E-4
5.3751E-4
-8.5831E-6
9.3728E-5
3.5346E-5
1.7607E-3
1.5420E-4
9.0629E-5
-2.1815E-5
1.6370E-3
1.1972E-3
-1.7214E-4
2.2125E-4
4.7624E-5
-1.2714E-4
-8.9407E-5
3.9041E-5
1.0681E-4
-2.8670E-4
6.2406E-5
-1.6654E-4
-1.8299E-5
-3.1590E-5
1.2395E-3
-3.7193E-5
2.1040E-4
8.1658E-5
2.5344E-4
7.8321E-5
4.7028E-5
4.1723E-5
-2.1803E-4
-2.6590E-4
1.2147E-4
2.7949E-4
-9.2685E-5
1.2946E-4
-1.3667E-4
-2.4980E-4
-1.5736E-5
9.4509E-4
-1.2279E-5
-4.6968E-5
-3.2067E-5
4.3184E-4
-5.4574E-4
-2.6137E-4
4.2975E-5
-1.7762E-4
1.5085E-3
2.1195E-4
4.5061E-5
-2.9445E-4
-4.7290E-4
1.1986E-3
1.2015E-3
-1.2198E-4
6.6575E-4
3.3081E-6
1.8790E-4
1.0175E-4
-5.5820E-5
-2.9054E-4
-4.4882E-5
-1.9026E-4
1.0777E-4
2.2823E-4
1.6457E-4
1.2110E-3
8.4043E-6
-4.3863E-4
-1.3471E-5
-1.7464E-5
-1.5664E-4
4.3511E-5
1.1539E-4
-1.6040E-4
1.4168E-4
5.0306E-5
9.8348E-6
-2.9069E-4
-1.7405E-5
1.1945E-3
1.3918E-4
1.6478E-3
1.1006E-3
-3.3975E-5
-1.7512E-4
-2.3264E-4
-2.5570E-4
2.4980E-4
1.9294E-4
-3.2711E-4
1.9393E-3
1.0204E-3
1.4045E-3
1.4073E-3
1.1951E-4
3.9935E-5
4.2820E-4
-7.4148E-5
2.9713E-4
5.5999E-4
2.0778E-4
9.2328E-5
2.1815E-4
3.1686E-4
2.3252E-4
9.9838E-6
-6.1661E-5
2.1935E-5
-1.9270E-4
1.4007E-6
-1.8674E-4
-4.6849E-5
2.8610E-5
-2.1487E-4
1.1973E-3
-2.6911E-4
1.1485E-3
-1.8185E-4
1.2684E-3
-2.5004E-4
3.9339E-6
0.0000E+0
-1.5080E-4
6.1512E-5
-5.2392E-5
-4.4882E-5
-2.1696E-4
1.2642E-4
-4.4346E-4
-6.4373E-5
-1.3858E-4
-4.1777E-4
3.5512E-4
5.2214E-5
-2.5684E-4
9.5040E-4
-5.9366E-5
-2.7198E-4
-3.1978E-4
-4.0948E-5
1.4012E-3
2.7049E-4
3.8189E-4
-1.2589E-4
-4.2868E-4
2.0361E-4
-4.8643E-4
2.7353E-4
-1.4567E-4
6.5863E-5
-1.0723E-4
-3.3975E-6
-1.8430E-4
1.1587E-4
-3.2640E-4
-1.4043E-4
-8.8245E-5
1.0639E-5
-1.0839E-4
1.7200E-3
5.1171E-5
7.6920E-5
-1.9643E-4
1.0681E-4
-3.7557E-4
9.3037E-4
-1.8120E-4
-3.3736E-5
-2.7448E-4
-1.6093E-4
-2.2531E-4
1.6165E-4
4.8876E-5
-4.5002E-5
1.3828E-4
4.3947E-4
9.5677E-4
-1.4299E-4
-5.2631E-5
1.0931E-4
-1.3798E-4
-1.7822E-4
9.0814E-4
1.7983E-4
4.3899E-4
9.9361E-5
2.4199E-4
-2.0975E-4
1.6689E-6
1.7806E-3
1.3726E-3
4.3577E-4
-5.1856E-5
2.4861E-4
1.0918E-3
-2.9957E-4
3.4702E-4
3.0881E-4
-1.3864E-4
1.4716E-4
-2.0677E-4
1.8042E-4
5.9366E-5
2.4855E-5
1.0675E-4
5.5367E-4
-4.7266E-4
3.1996E-4
1.6242E-5
-9.4086E-5
-2.4325E-4
4.2227E-4
1.6040E-4
-1.5029E-4
1.5032E-3
-1.2606E-5
-1.2916E-4
-5.4598E-5
-1.0246E-4
1.2642E-3
-1.8460E-4
-2.0576E-4
-3.3021E-5
-5.9366E-5
-1.8120E-5
1.9318E-4
2.6298E-4
1.1714E-3
9.7156E-6
1.2981E-3
1.8328E-4
1.7846E-4
1.3095E-4
4.7684E-7
5.5617E-4
6.1131E-4
1.8281E-4
3.8034E-4
-2.6011E-4
6.1852E-4
-2.4235E-4
-9.7513E-5
7.7486E-6
-1.2398E-5
1.5208E-3
-7.3016E-5
3.7086E-4
3.7968E-5
-4.8101E-5
-1.1921E-6
1.5485E-4
1.7232E-4
-6.9022E-5
4.0585E-4
4.6611E-4
-1.1289E-4
2.6220E-4
1.0246E-4
-1.0437E-4
-1.6004E-4
-3.9741E-4
-5.6928E-4
-3.2318E-4
-3.2011E-4
-3.6722E-4
-2.9543E-4
-4.4501E-4
3.0357E-4
-6.8581E-4
1.4704E-4
-1.0854E-4
-4.8161E-4
-4.5282E-4
1.0154E-3
-2.3663E-4
1.3363E-3
2.3162E-4
2.4915E-5
-4.8202E-4
-1.3959E-4
1.5134E-3
-5.1236E-4
-9.3400E-5
-3.1513E-4
2.0419E-3
2.1504E-3
3.0255E-4
1.1843E-4
2.9075E-4
-6.0201E-6
-3.9637E-5
1.3019E-3
1.2978E-3
2.8354E-4
2.6840E-4
1.2738E-3
1.5974E-5
-1.0151E-4
3.7503E-4
-2.7072E-4
-1.7679E-4
-8.8453E-5
1.7692E-3
1.0024E-3
1.6130E-3
-3.3081E-4
-2.7734E-4
1.8384E-3
6.3181E-6
5.3108E-5
1.2258E-3
5.6201E-4
8.3447E-5
-2.7302E-4
-2.9683E-5
-1.7288E-4
8.6886E-4
-1.3679E-4
9.4891E-5
-2.6166E-4
-1.7977E-4
1.9473E-4
-1.0443E-4
1.8048E-4
-2.7996E-4
-3.2216E-4
-2.4080E-5
-3.6120E-5
4.3958E-4
2.7663E-4
-1.2249E-4
6.7890E-5
-4.9829E-5
3.2669E-4
9.2149E-5
2.7460E-4
1.6001E-3
-2.5749E-5
7.3016E-5
1.1641E-4
8.5652E-5
1.8049E-3
3.0875E-5
3.5995E-4
1.5515E-4
-9.4771E-6
4.1962E-5
2.3246E-4
-1.4222E-4
-1.8156E-4
-2.9135E-4
4.3315E-4
-6.3896E-5
3.3325E-4
3.0792E-4
4.1306E-5
2.5332E-5
5.6684E-5
1.8042E-4
3.1263E-4
1.4812E-4
1.6481E-4
-2.6417E-4
-2.8312E-5
5.9399E-4
1.7822E-5
1.4967E-3
1.7911E-5
8.5145E-5
1.0669E-4
1.8702E-3
1.4660E-4
-7.6115E-5
-7.2956E-5
-1.5670E-4
1.0490E-5
-4.1157E-4
2.7061E-5
-2.4325E-4
-1.2583E-4
-1.3435E-4
-9.0599E-6
-3.1352E-5
-3.7271E-4
1.8775E-5
6.0916E-5
5.4240E-6
-5.1975E-5
2.9439E-4
1.6785E-4
-3.6579E-4
1.4156E-4
1.6987E-4
-7.8261E-5
-2.0713E-4
8.1062E-5
1.6892E-4
-7.4506E-5
-4.5747E-4
-1.0383E-4
-4.3035E-5
2.2560E-4
2.7859E-4
-1.1849E-4
1.9073E-5
1.5301E-4
-3.8284E-4
-2.2054E-5
3.6937E-4
2.0099E-4
-3.3849E-4
1.2457E-5
1.2511E-4
1.7774E-3
-3.3319E-5
-9.1791E-5
-2.3273E-4
-6.4611E-5
-4.6194E-6
-1.0544E-4
2.8312E-5
8.3834E-5
4.4674E-5
9.6950E-4
1.1726E-3
-2.6464E-5
7.7844E-5
8.0347E-5
1.2122E-3
1.2088E-4
3.7098E-4
3.9941E-4
1.6474E-3
1.5959E-3
8.4674E-4
1.3447E-3
1.3626E-3
-1.7166E-5
-2.1362E-4
8.5533E-5
-2.9802E-6
-5.6010E-4
-5.6028E-5
-1.7846E-4
-1.0324E-4
6.0081E-5
-1.2165E-4
1.1230E-4
-9.8228E-5
-3.8445E-4
1.0431E-5
1.4365E-4
3.3021E-5
2.8908E-5
2.7198E-4
1.1917E-3
8.3655E-4
-1.2326E-4
5.1677E-5
1.6838E-4
1.4310E-3
3.1942E-4
4.9233E-5
2.5874E-4
-1.1271E-4
2.3317E-4
4.7028E-5
3.6228E-4
1.0631E-3
-5.0873E-5
1.3366E-3
6.8125E-4
-2.9400E-4
-1.0806E-4
-3.6207E-4
-1.2523E-4
-1.3375E-4
1.5974E-5
1.7108E-3
-4.3154E-5
-2.5469E-4
-1.1748E-4
-2.6363E-4
-1.6344E-4
1.6409E-4
3.7551E-6
3.0875E-5
1.1860E-3
-5.0306E-5
1.2982E-4
5.9724E-5
1.2904E-4
5.4026E-4
-1.8889E-4
3.6854E-4
1.1826E-4
-8.6427E-6
3.3379E-4
1.5625E-3
7.7903E-5
9.3699E-5
2.5612E-4
-5.0592E-4
3.0637E-5
-1.8179E-5
6.3479E-5
4.4286E-5
-2.8133E-5
3.2759E-4
-1.4061E-4
1.0973E-4
-1.4615E-4
1.9515E-3
1.3477E-3
1.9634E-4
4.2033E-4
1.6031E-3
4.2695E-4
5.1737E-5
1.1796E-4
1.6096E-3
1.5729E-3
-2.8777E-4
3.1665E-4
1.2894E-3
1.7673E-5
5.5870E-4
9.4932E-4
-4.5091E-4
-6.1125E-4
-6.9642E-4
-3.8129E-4
-1.6230E-4
-8.2505E-4
-3.1805E-4
1.0630E-3
-1.4222E-4
2.3557E-3
-4.3100E-4
-2.8181E-4
-1.1867E-4
1.8651E-3
-5.3900E-4
-6.2191E-4
-7.1418E-4
-4.8953E-4
-3.9774E-4
5.8270E-4
8.1807E-4
0.0000E+0
-3.3337E-4
-5.3674E-4
1.2340E-3
4.7266E-5
-4.6980E-4
-3.7098E-4
-3.3200E-5
3.3164E-4
6.6966E-4
1.6953E-3
-3.9685E-4
4.8488E-4
-1.1086E-4
1.3385E-3
1.9705E-3
-5.2983E-4
-4.2677E-4
-8.6665E-5
-1.8561E-4
-5.6857E-4
-7.3195E-4
-3.4362E-4
-3.5480E-4
-2.0298E-4
1.4353E-4
-3.1465E-4
2.9036E-4
5.8833E-4
-2.3600E-4
3.5781E-4
-3.2675E-4
1.6987E-3
-6.3598E-4
3.6514E-4
3.9709E-4
-1.3614E-4
-5.1481E-4
-9.6917E-5
-5.4061E-5
0.0000E+0
-1.9455E-4
1.1396E-4
3.0994E-6
1.4864E-3
6.0940E-4
2.6464E-5
-2.7668E-4
-5.7757E-5
3.3444E-4
2.8276E-4
-6.9720E-4
-2.3001E-4
7.9787E-4
-2.1648E-4
4.0871E-4
-1.0008E-4
-9.8825E-5
-2.4760E-4
1.4669E-4
-2.3007E-5
1.4066E-3
1.4693E-4
-1.4699E-4
-1.7524E-5
-8.1837E-5
6.4999E-4
-6.0022E-5
-1.1879E-4
1.3266E-3
1.5706E-4
4.1425E-5
-2.3919E-4
1.1238E-3
1.6878E-3
-4.1428E-4
-1.5706E-5
-7.1108E-5
8.4877E-5
1.9386E-4
6.8247E-5
3.7673E-4
-1.2398E-4
1.7833E-3
-6.4790E-5
-2.7895E-5
1.1820E-3
-1.1021E-4
-2.3299E-4
-1.8376E-4
7.2181E-5
1.7035E-4
-2.3335E-4
3.4332E-5
1.7710E-3
1.6332E-3
1.6752E-3
9.0873E-4
4.5180E-5
-3.4273E-5
1.7148E-3
-4.8876E-5
6.1810E-5
-1.3089E-4
1.8025E-3
1.2830E-3
-9.5427E-5
1.5559E-3
-2.4563E-4
1.2868E-3
1.4043E-4
-7.1406E-5
1.0597E-3
1.3846E-4
1.5661E-3
-1.4722E-4
7.3016E-5
8.2642E-4
1.6925E-3
-3.5733E-4
5.5432E-5
-1.3363E-4
-3.6305E-4
1.0454E-3
-4.0293E-5
-1.3691E-4
-3.9518E-4
-2.9981E-4
-2.9147E-4
5.2541E-5
8.0794E-5
-1.8060E-5
2.5719E-4
8.4937E-6
-4.6790E-5
1.5104E-4
2.9027E-5
-5.2035E-5
1.2279E-5
-3.4714E-4
4.7994E-4
1.0397E-3
1.8609E-4
9.8693E-4
6.1423E-4
1.4192E-4
2.3425E-4
-2.5731E-4
-2.0313E-4
-1.6725E-4
7.8726E-4
1.3989E-4
-1.2857E-4
-1.1915E-4
9.8616E-4
8.3464E-4
9.8228E-5
1.2653E-3
3.8505E-5
8.9741E-4
2.4080E-4
-1.2594E-4
1.3465E-3
1.2747E-3
8.4043E-6
1.8656E-5
-2.7668E-4
-1.4609E-4
8.5068E-4
-7.4387E-5
1.1194E-3
-1.1140E-4
7.4029E-5
3.7193E-5
6.9803E-4
-2.7317E-4
-2.5594E-4
-8.8334E-5
2.5332E-4
6.6012E-4
2.3004E-4
1.0755E-3
-1.8597E-4
-1.6767E-4
-1.0189E-4
-3.1948E-5
1.3024E-5
-1.6224E-4
-6.3658E-5
1.0133E-5
2.2423E-4
-1.9068E-4
-3.4863E-4
-2.6047E-5
-2.5332E-4
1.1044E-3
6.9976E-5
-5.2452E-5
-3.4487E-4
-1.2618E-4
4.7195E-4
-3.8981E-5
-6.0618E-5
1.7101E-4
1.3393E-4
1.4019E-4
-1.2338E-4
2.1338E-4
1.5294E-3
2.9248E-4
9.5487E-5
1.5079E-3
1.7262E-4
2.6315E-4
-2.7049E-4
-8.1420E-5
3.9160E-5
4.5216E-4
1.6290E-4
-5.4717E-4
-1.5455E-4
2.2078E-4
1.2112E-3
-1.3220E-4
4.7529E-4
-4.0948E-5
-3.3504E-4
-2.8890E-4
-9.3579E-5
9.0748E-4
1.6338E-4
5.4836E-5
6.2406E-5
-4.0531E-6
5.5492E-5
5.0128E-5
-9.0182E-5
2.4927E-4
-8.2731E-5
1.1119E-3
-1.2946E-4
3.6240E-5
-2.0725E-4
1.4877E-4
3.0273E-4
5.2208E-4
-1.3357E-4
1.6671E-4
-6.0856E-5
1.3440E-3
1.9389E-4
-1.9526E-4
-9.2268E-5
2.7019E-4
-4.4405E-5
1.5910E-3
2.5654E-4
2.2066E-4
4.3303E-4
2.2763E-4
-8.0228E-5
3.4332E-5
-2.2113E-5
-1.4770E-4
-4.5896E-5
7.8082E-5
-2.2531E-5
-1.8305E-4
1.1756E-3
-3.0786E-4
8.5115E-5
9.7817E-4
2.5696E-4
1.3977E-4
6.4552E-5
2.4712E-4
-2.0176E-4
6.7532E-5
2.0003E-4
4.9055E-5
1.4015E-3
1.6294E-3
1.6527E-3
-2.6229E-4
1.5824E-3
-1.1426E-4
9.1374E-5
-6.7532E-5
3.4302E-5
1.7971E-5
-3.3379E-5
5.1993E-4
5.6803E-5
-7.5579E-5
1.9756E-3
1.5647E-3
-2.6858E-4
1.2380E-4
-2.0355E-4
1.5047E-3
1.2732E-3
-1.5020E-5
-1.7524E-5
4.3690E-5
9.9897E-5
-3.4571E-6
-1.4371E-4
-2.6011E-4
9.9778E-5
3.8791E-4
9.6476E-4
8.7559E-5
6.9380E-5
3.1215E-4
1.5199E-4
-1.0312E-4
-3.2067E-5
2.0355E-4
1.8564E-3
-1.3053E-5
-7.2539E-5
1.0329E-4
1.0520E-4
2.0420E-3
2.2566E-4
-2.9099E-4
6.1929E-5
1.7331E-3
2.1647E-3
1.0520E-4
-2.0158E-4
1.2511E-4
1.2767E-4
1.9664E-4
-3.0893E-4
6.2227E-5
-9.1612E-5
1.7566E-3
1.5719E-3
-1.4445E-4
-2.8133E-5
2.8253E-5
1.4916E-3
-2.5433E-4
1.7235E-3
6.5893E-4
-7.6711E-5
-2.8455E-4
-2.6131E-4
4.4227E-5
1.0115E-4
1.5199E-5
1.8066E-4
7.8380E-5
3.0655E-4
-1.9133E-4
-1.4961E-5
9.9236E-4
1.1533E-4
3.0333E-4
8.3268E-5
3.2020E-4
2.7531E-4
-2.2078E-4
2.4748E-4
1.4443E-3
-5.0741E-4
9.3520E-5
2.0117E-4
-6.0505E-4
1.2850E-3
-5.3048E-5
-1.6797E-4
-3.8862E-5
5.9664E-5
2.7680E-4
-9.7990E-5
-3.4159E-4
2.0945E-4
-1.7858E-4
2.7061E-5
-5.1320E-5
9.8586E-5
2.2680E-4
-1.5837E-4
1.9157E-4
-1.2898E-4
4.9227E-4
-9.0361E-5
-7.9960E-5
1.7651E-3
-1.3033E-4
1.0478E-4
1.2153E-4
-2.8902E-4
4.0889E-5
1.6093E-5
-4.5562E-4
-2.7776E-5
1.2320E-4
-1.6207E-4
-1.7905E-4
-8.1718E-5
2.0499E-3
-1.1402E-4
1.7333E-4
1.2141E-4
-6.6042E-5
1.3579E-3
-2.2030E-4
1.1912E-3
-4.1670E-4
4.1568E-4
2.2054E-6
1.9003E-3
1.3965E-3
1.9842E-4
3.6836E-5
2.1426E-3
-3.4171E-4
-6.2585E-6
1.9484E-3
-2.3544E-5
-3.2288E-4
-1.3024E-4
-1.2171E-4
2.2864E-4
4.9376E-4
0.0000E+0
-6.7347E-4
4.9984E-4
1.0177E-3
6.5869E-4
2.4921E-4
-2.4968E-4
1.1009E-4
-3.0559E-4
1.4830E-4
2.7138E-3
-1.1486E-4
-2.0626E-4
-2.2957E-4
1.1781E-4
5.6058E-5
1.2815E-6
-4.5002E-6
1.1407E-3
2.1458E-4
1.3649E-3
-3.7181E-4
1.5200E-3
7.5519E-5
3.5405E-5
-1.0443E-4
-7.1824E-5
3.4350E-4
-1.0192E-4
1.2463E-4
-1.7560E-4
4.6873E-4
2.8491E-5
-2.9564E-4
-1.4013E-4
-3.0935E-5
7.5221E-5
7.1627E-4
1.0604E-4
9.0837E-4
-2.1780E-4
-1.0568E-4
-6.9737E-5
8.1599E-5
-2.9683E-5
2.6608E-4
-3.0339E-5
-1.8847E-4
4.1127E-6
8.3435E-4
1.0121E-4
9.2185E-4
-2.6047E-5
1.7381E-4
1.1144E-3
1.2237E-3
-1.4323E-4
-1.1325E-4
-2.2352E-4
1.8620E-4
-3.6353E-4
-1.8638E-4
9.2477E-4
1.3500E-5
7.4103E-4
-3.4708E-4
7.9274E-5
-3.3927E-4
-1.0386E-4
6.7526E-4
1.0288E-4
1.0306E-3
-1.3036E-4
-2.2089E-4
1.2194E-3
7.9012E-4
1.2618E-3
-2.3061E-4
-2.3776E-4
-6.3002E-5
1.4939E-3
-2.7311E-4
1.2324E-3
-4.8399E-5
-2.1458E-6
-6.3539E-5
2.1321E-4
3.1352E-5
-9.0599E-5
-1.4162E-4
1.4383E-4
1.7571E-4
-1.1945E-4
1.4789E-3
-2.0856E-4
-1.8597E-4
-3.9500E-4
-2.0570E-4
2.8849E-5
-4.6492E-5
-8.6010E-5
-3.2383E-4
-3.5334E-4
-1.7893E-4
1.0115E-4
2.7514E-4
8.2272E-4
-2.0528E-4
-9.4771E-5
-3.3796E-5
-5.3352E-4
3.0661E-4
-4.3029E-4
-2.2489E-4
-4.9961E-4
-3.0619E-4
2.1785E-4
-2.6122E-4
5.4690E-4
1.8394E-4
7.6801E-5
-1.0669E-5
-8.2731E-5
-2.4319E-4
1.0746E-3
-2.2644E-4
2.4438E-6
-7.9274E-6
2.5988E-5
-4.7445E-5
1.9631E-3
1.5068E-4
4.4227E-5
9.5904E-5
1.5044E-4
9.5069E-5
7.3791E-5
2.3329E-4
-1.5688E-4
1.2501E-3
1.3299E-3
-8.4877E-5
-8.7619E-5
4.0352E-5
-6.1154E-5
4.6968E-5
1.3830E-3
3.9113E-4
1.8483E-4
1.8657E-3
6.2227E-5
-1.7750E-4
-3.5882E-5
-4.7320E-4
-1.5819E-4
6.1303E-4
-2.0325E-5
2.9105E-4
-4.0889E-5
1.2245E-3
-1.7226E-5
-6.3777E-5
2.5910E-4
4.1127E-6
1.4031E-4
-2.1714E-4
-2.2215E-4
1.5199E-4
1.8764E-4
-5.2065E-5
-5.3823E-5
1.6506E-3
1.1897E-4
8.5741E-5
-6.7651E-5
-1.2785E-4
1.5323E-3
-1.0222E-4
8.5354E-5
9.2268E-5
-2.8670E-5
6.1148E-4
-1.2273E-4
1.0186E-4
1.0252E-5
-2.5237E-4
-1.1736E-4
-2.3806E-4
-1.3882E-4
-2.1535E-4
-8.6665E-5
1.1504E-5
3.2067E-5
-8.5950E-5
-4.7088E-6
-6.9559E-5
2.1240E-3
-8.6188E-5
-9.0718E-5
-4.7684E-5
1.4916E-3
1.1742E-5
7.6234E-4
-2.6643E-5
-7.0095E-5
1.2698E-3
4.3958E-4
-3.6478E-5
-3.3367E-4
-3.3933E-4
1.7215E-3
-2.7835E-5
1.7577E-4
1.2290E-4
2.9320E-4
1.3838E-3
1.8896E-3
-1.7881E-4
1.3590E-5
-1.1438E-4
2.8241E-4
1.0927E-3
1.8309E-3
-1.6561E-4
9.1761E-5
1.3765E-3
-1.7533E-4
8.1182E-5
-5.9396E-4
8.2970E-5
3.2246E-5
-1.9878E-4
2.8735E-4
-5.7280E-5
-9.8348E-5
7.6890E-5
3.3379E-6
-1.6689E-6
-1.6630E-4
3.7074E-5
1.6645E-3
1.7726E-3
1.2797E-4
-6.6161E-5
5.7638E-5
2.1195E-4
4.1604E-5
1.6779E-3
7.9870E-6
6.4850E-5
-6.8843E-5
2.8431E-5
1.3971E-4
-2.9266E-5
-2.0427E-4
-2.5648E-4
5.0902E-5
-1.0192E-4
1.3196E-4
-7.4208E-5
-1.6433E-4
0.0000E+0
1.8505E-3
5.5432E-6
-1.4269E-4
-2.2930E-4
3.2604E-4
1.2767E-4
-1.0693E-4
-2.3276E-4
8.0466E-5
1.5356E-3
1.3590E-3
1.4011E-3
-6.3181E-5
1.3825E-4
1.8224E-4
-2.0039E-4
1.4028E-4
1.5557E-5
-6.1095E-5
-1.5938E-4
-1.6218E-4
3.2544E-4
-1.1837E-4
2.1392E-3
-7.2837E-5
1.5504E-3
-6.3896E-5
-2.4956E-4
-9.5487E-5
-7.3075E-5
6.6578E-5
-3.7783E-4
-6.1035E-5
6.8939E-4
9.0969E-4
1.2076E-3
-2.2769E-5
1.7685E-4
1.4732E-3
-5.1260E-5
0.0000E+0
-7.8678E-6
-2.7597E-5
3.7307E-4
-9.5844E-5
1.1545E-4
1.5563E-4
-1.5491E-4
2.6405E-5
-4.8280E-6
-1.4538E-4
6.0314E-4
-3.6907E-4
3.2473E-4
-2.6286E-5
1.5404E-3
6.0886E-4
3.1233E-5
1.3477E-4
2.9683E-5
1.5360E-4
8.4251E-5
-8.4937E-5
-1.2574E-4
-1.3930E-4
-2.7376E-4
-2.4918E-4
-2.9168E-4
-2.4912E-4
-9.5069E-5
-1.7184E-4
8.0812E-4
1.1799E-3
-1.4424E-5
1.4788E-4
1.8559E-3
1.2779E-4
-6.0558E-5
-7.0930E-6
7.1883E-5
1.8477E-4
1.4293E-4
3.4082E-4
4.6229E-4
1.7047E-4
7.8738E-5
8.5235E-5
2.8074E-5
1.7035E-3
8.3983E-5
-1.8805E-4
1.9234E-4
1.8131E-3
-9.0003E-6
3.2061E-4
-4.9412E-5
-3.0160E-5
-5.1695E-4
-4.1676E-4
-2.0635E-4
1.2236E-3
1.9369E-3
1.7136E-4
2.0635E-4
-1.8537E-4
1.2088E-4
2.3139E-4
6.2543E-4
2.0206E-3
9.7275E-5
1.1444E-5
1.2535E-4
2.0790E-4
8.3238E-5
1.2003E-3
-1.4615E-4
-1.3974E-4
-6.3479E-5
4.5031E-4
1.3226E-4
-9.2119E-5
3.5161E-4
1.4079E-4
2.9802E-7
-5.6803E-5
6.8200E-4
1.2529E-3
-1.9360E-4
1.3927E-3
1.4917E-3
-3.2896E-4
5.7703E-4
3.9041E-5
2.6643E-5
5.0306E-5
1.6463E-4
9.6262E-5
-1.5604E-4
-1.2267E-4
-7.4804E-5
-2.0778E-4
8.3679E-4
-1.1164E-4
3.1710E-5
5.3883E-5
-1.2237E-4
-7.4565E-5
7.8434E-4
1.1871E-3
1.5438E-5
-1.8740E-4
-1.4389E-4
-4.8661E-4
-9.1136E-5
1.0517E-3
-3.2306E-4
2.2435E-4
1.0860E-4
-2.5964E-4
6.2746E-4
1.7810E-4
-3.4249E-4
-2.2560E-4
9.0313E-4
-1.9675E-4
1.5038E-3
-4.7237E-5
9.9176E-4
2.1580E-4
1.2187E-3
2.4515E-4
5.5015E-5
1.9830E-4
1.8114E-4
-1.8966E-4
1.1295E-4
-6.5446E-5
1.0669E-4
1.0001E-3
-4.9531E-5
5.0545E-5
1.5272E-3
1.2600E-4
7.6318E-4
1.8096E-4
4.5657E-5
1.6832E-3
1.1933E-4
1.5233E-3
4.9472E-6
-2.7734E-4
-1.2219E-4
9.3937E-5
1.0473E-4
8.8155E-5
1.4812E-4
-1.0788E-5
2.4039E-4
-1.1837E-4
1.3839E-3
-1.4228E-4
1.2386E-4
2.4921E-4
-1.1444E-5
4.7201E-4
5.5730E-5
8.8811E-5
-1.6761E-4
-2.3067E-4
4.7636E-4
-7.6890E-5
-8.5294E-5
-1.2040E-4
-2.7686E-4
1.3854E-3
-1.2779E-4
1.0657E-3
1.7780E-4
1.2827E-4
2.6286E-5
-2.5535E-4
4.7833E-5
-5.7369E-5
-6.7741E-5
6.8009E-5
1.3590E-4
-6.1154E-5
-5.1141E-5
-1.6648E-4
1.9848E-5
2.2459E-4
-1.6153E-5
1.4269E-4
4.3094E-5
-1.2326E-4
1.1663E-3
7.1347E-5
-2.1130E-4
8.4198E-4
-3.8111E-4
1.3161E-4
2.3931E-4
-1.4842E-4
-2.4301E-4
1.9670E-5
6.3360E-5
-1.0729E-4
5.3048E-4
2.6321E-4
-1.7077E-4
-1.7047E-5
1.5378E-5
1.3673E-3
2.3603E-5
4.7684E-5
-3.8862E-5
-6.3777E-5
-1.7917E-4
9.2626E-5
-2.1780E-4
3.7456E-4
2.3210E-4
6.6614E-4
1.0520E-4
1.4746E-4
-3.5101E-4
1.0634E-3
1.4895E-4
7.9334E-5
1.4125E-3
-1.5238E-4
4.4137E-5
-5.1767E-5
-1.9398E-4
-2.0045E-4
1.7246E-3
8.1539E-5
-1.3095E-4
-2.2113E-5
-2.0128E-4
-1.9127E-4
-1.3810E-4
-5.3942E-5
-2.5392E-4
-1.1176E-4
4.7863E-5
-9.0003E-5
-8.2254E-5
1.0419E-4
1.2436E-3
-4.3750E-5
1.5847E-3
-3.4463E-4
9.3383E-4
-9.5963E-6
-2.3568E-4
1.6016E-4
1.3530E-4
-9.4235E-5
-1.2630E-4
-1.6600E-4
-2.4486E-4
3.3915E-5
-1.4919E-4
-7.3135E-5
7.8738E-5
-7.1704E-5
4.0543E-4
1.2547E-4
-1.9711E-4
-4.5502E-4
-6.6024E-4
-3.4428E-4
1.4901E-6
1.6707E-4
6.4135E-5
-1.8877E-4
-1.1563E-4
9.5785E-4
-3.2485E-4
9.5308E-5
1.5647E-3
3.9428E-5
1.1230E-4
2.0656E-4
-1.1405E-4
-2.2402E-4
3.7551E-6
1.1167E-3
-3.6669E-4
-1.8072E-4
-8.7678E-5
4.2856E-5
2.5910E-4
1.6606E-4
-1.2952E-4
-2.7889E-4
-6.7353E-5
-1.3411E-5
8.6427E-6
-3.0643E-4
1.5289E-4
1.3798E-4
-1.0264E-4
-3.6842E-4
1.7679E-4
-2.4557E-5
1.9578E-3
2.0781E-3
-2.5332E-4
-7.5102E-6
-2.3353E-4
-3.2669E-4
-2.1458E-5
2.4873E-4
1.1021E-4
1.3220E-4
-5.1320E-5
1.1840E-3
1.1460E-3
-1.5450E-4
1.6737E-4
2.2340E-3
2.2924E-4
1.4758E-4
1.6224E-4
-2.7925E-4
2.5928E-5
-1.7226E-4
4.3988E-5
2.2995E-4
2.3788E-4
-1.6356E-4
8.4877E-5
-1.2517E-5
6.0022E-5
1.8233E-4
1.2940E-3
7.6115E-5
1.1872E-3
5.3048E-6
-1.2207E-4
-1.7053E-4
-6.2227E-5
8.8453E-5
-7.1168E-5
-4.6849E-5
1.9631E-3
-3.0363E-4
3.0214E-4
-2.3580E-4
-1.9020E-4
-6.9618E-5
3.9399E-5
-2.2990E-4
2.8253E-5
2.2948E-5
-2.7341E-4
1.1100E-3
-5.9366E-5
-8.7202E-5
1.3036E-4
-9.3400E-5
-1.4752E-4
-5.9605E-6
2.0015E-4
-1.9026E-4
-8.3864E-5
6.2644E-5
1.7369E-4
1.8544E-3
-3.3379E-6
3.0571E-4
2.6083E-4
1.3974E-3
-4.3452E-4
3.4261E-4
1.8959E-3
1.4150E-4
-1.7524E-5
3.2473E-4
3.2836E-4
-7.8857E-5
8.9866E-4
1.0461E-4
1.4731E-3
6.3837E-5
-5.7518E-5
-3.0309E-5
5.0664E-5
9.3895E-4
-1.6102E-4
1.5121E-3
-1.5724E-4
-2.6476E-4
8.6641E-4
5.1224E-4
1.9950E-4
-2.4378E-5
8.5711E-5
-5.3316E-4
-8.0824E-5
1.3558E-3
-1.8501E-4
2.8789E-5
5.0426E-5
1.8299E-5
-5.4181E-5
-1.4323E-4
-2.1946E-4
-3.1352E-5
-1.2231E-4
-1.3852E-4
-4.1038E-4
1.7301E-3
-8.6784E-5
-1.1533E-4
1.3083E-3
-5.6034E-4
-2.8116E-4
-2.8515E-4
-3.6424E-4
-7.7248E-5
3.3855E-5
-9.5546E-5
-1.7154E-4
-2.0212E-4
1.2089E-3
1.3209E-3
-9.5963E-6
1.7441E-3
-1.4734E-4
-4.4727E-4
1.9890E-4
-1.4222E-4
-2.8634E-4
2.0761E-3
1.6255E-3
1.5282E-3
1.3531E-3
9.3752E-4
4.0114E-5
-8.1688E-5
1.0982E-4
-4.1246E-5
-7.7486E-7
7.3493E-5
7.7724E-5
2.0856E-4
-2.6107E-5
8.7619E-5
4.1664E-5
4.7475E-4
1.2449E-3
-1.4782E-5
9.4771E-6
1.2367E-3
-1.7387E-4
-4.3565E-4
-4.8518E-5
-4.3160E-4
-8.7261E-5
-1.3351E-5
-2.3025E-4
1.7214E-4
-6.1750E-5
4.9698E-4
-1.9145E-4
1.6689E-4
1.3345E-4
2.2686E-4
-1.6212E-5
-5.6916E-4
3.3724E-4
1.6129E-4
5.5057E-4
-2.8944E-4
4.6074E-5
-2.7806E-4
4.3511E-5
-9.1374E-5
-1.1629E-4
6.3896E-5
-2.8312E-5
-2.6929E-4
5.5712E-4
1.5403E-3
1.8914E-3
1.4524E-3
1.6607E-3
7.5728E-5
1.2174E-4
-2.8253E-5
-8.2761E-5
0.0000E+0
-7.1853E-5
1.6046E-4
1.7166E-5
4.9710E-4
-2.3055E-4
-1.2696E-4
1.3667E-3
-2.8712E-4
-2.8980E-4
-7.8440E-5
4.2427E-4
5.9277E-4
-2.8074E-4
2.4450E-4
1.3089E-4
-1.1516E-4
-2.9385E-4
8.1062E-6
9.4241E-4
-1.0794E-4
6.1393E-6
1.2147E-3
1.2380E-4
9.8586E-5
-3.7193E-5
8.7917E-5
1.1200E-4
6.9976E-5
1.2834E-3
-6.9022E-5
3.0965E-4
8.1658E-6
-1.1826E-4
-2.4486E-4
-8.4639E-6
3.2181E-4
-1.0145E-4
-2.1952E-4
1.5193E-3
2.7061E-4
8.6939E-4
-2.5666E-4
6.3062E-5
-2.1720E-4
-2.3878E-4
1.9341E-3
3.9518E-5
-2.5374E-4
-2.0498E-4
1.6668E-3
-2.8998E-5
1.2365E-4
-5.2184E-5
1.6174E-4
1.4879E-3
-2.0295E-4
9.7990E-5
-1.9592E-4
-2.5868E-5
-1.1545E-4
3.2991E-4
-1.6421E-4
-1.0496E-4
-1.0908E-5
-9.9182E-5
2.2209E-4
-1.9330E-4
1.5438E-5
-1.4901E-5
-1.6606E-4
2.4581E-4
-1.1188E-4
-2.2095E-4
-3.5346E-5
-2.0128E-4
-1.9574E-4
3.1424E-4
1.6999E-3
1.7374E-3
4.7445E-5
-1.7405E-5
-1.0008E-4
-7.0274E-5
1.0806E-4
1.5179E-3
-3.7134E-5
1.0290E-3
-3.2961E-4
8.0943E-5
-3.1829E-5
4.6808E-4
-2.5272E-5
5.4240E-5
2.7287E-4
1.6195E-3
2.5153E-5
9.3222E-5
1.5843E-4
1.0994E-4
-1.5050E-5
1.1652E-3
-1.7491E-4
-1.2755E-5
-1.4526E-4
-7.1883E-5
2.8938E-5
-2.2048E-4
1.9622E-3
1.6047E-3
7.9870E-6
-6.7651E-5
-2.0260E-4
2.5797E-4
-2.1076E-4
2.3127E-4
-6.4611E-5
1.6673E-3
1.6286E-3
-3.4928E-5
-8.6427E-6
-1.2159E-4
-1.2386E-4
-6.8009E-5
9.1195E-6
1.6542E-3
-1.8090E-4
-5.6553E-4
1.3787E-4
2.1404E-4
2.6095E-4
1.0422E-3
1.3238E-4
1.1063E-4
-2.7364E-4
-2.1636E-5
-3.1948E-5
1.3660E-3
1.9550E-4
3.2556E-4
7.3659E-4
-6.4969E-6
-1.5128E-4
4.7082E-4
-1.2714E-4
1.2267E-4
8.3798E-4
-5.8770E-5
1.7757E-3
7.4267E-5
1.1086E-5
-2.3246E-6
9.3490E-5
1.4929E-3
-3.5763E-6
-1.1712E-4
1.2255E-4
1.6659E-4
-1.5658E-4
1.4806E-4
1.9115E-3
-8.5711E-5
1.4273E-3
2.0432E-4
1.8340E-4
3.9905E-4
6.9261E-5
2.6345E-5
1.9860E-4
1.5010E-3
-1.7285E-5
2.5731E-4
1.4676E-3
1.8406E-4
1.0450E-3
8.3268E-5
-7.1943E-5
1.8404E-3
2.1511E-4
-1.5163E-4
-3.9780E-4
1.3122E-3
4.9829E-5
-8.7380E-5
1.1915E-4
1.9611E-3
6.5088E-5
1.5968E-4
-1.1647E-4
-3.1286E-4
-4.7052E-4
-6.3181E-5
-6.2943E-5
-3.4219E-4
1.8538E-3
-1.5414E-4
-1.4800E-4
-2.5421E-4
-5.3483E-4
-1.3977E-4
-2.7913E-4
-2.3907E-4
-2.9308E-4
8.7526E-4
2.5636E-4
1.2470E-3
-2.0358E-4
2.0641E-4
1.0622E-3
1.0908E-4
-2.5797E-4
-2.4784E-4
1.3798E-4
4.0817E-4
1.4102E-4
1.6248E-4
2.1458E-4
-5.1260E-5
1.3095E-4
-4.7803E-5
-1.5521E-4
4.2856E-5
5.8651E-5
7.2706E-4
1.1802E-5
3.1650E-5
1.4663E-4
-1.3441E-4
1.7166E-5
-3.8743E-5
-1.4144E-4
6.2048E-5
3.8689E-4
1.3721E-4
1.2457E-4
1.1340E-3
5.3704E-4
1.7112E-4
1.2996E-3
2.6309E-4
1.3596E-4
2.9701E-4
-1.5575E-4
-1.2457E-5
-1.1617E-4
5.3030E-4
6.3992E-4
5.2750E-5
2.0790E-4
9.8526E-4
1.2015E-3
-8.7380E-5
1.0034E-3
-7.6056E-5
2.0748E-4
-1.6797E-4
-1.2726E-5
-1.5289E-5
6.1721E-5
2.4197E-4
6.4611E-5
1.4854E-3
1.3677E-3
-2.0945E-4
1.5857E-3
1.5426E-4
-2.2835E-4
1.5849E-4
1.3722E-3
-1.1671E-4
8.6552E-4
1.0377E-4
6.9463E-4
7.1108E-5
-3.3915E-5
6.9737E-6
-2.1964E-4
1.2661E-3
-1.6958E-4
-4.0710E-5
-7.3314E-6
-3.5465E-5
1.0371E-5
1.3004E-3
1.1221E-3
-1.4478E-4
-2.5338E-4
1.6567E-3
-1.2410E-4
-1.2553E-4
2.9117E-4
7.2122E-5
3.7706E-4
1.1146E-4
-2.4623E-4
-3.3319E-5
4.9764E-4
1.2344E-4
1.9619E-3
4.0531E-5
-3.1888E-5
1.7328E-3
2.9379E-4
4.1008E-4
-8.1778E-5
2.1789E-3
2.3192E-4
1.4046E-4
1.3635E-4
1.9941E-4
-2.9770E-4
-5.5492E-5
2.0415E-5
6.1065E-5
-5.2482E-5
3.7730E-5
-6.6876E-5
2.2990E-4
-7.3552E-5
1.8108E-4
-2.6286E-4
-1.3548E-4
1.4472E-4
-9.5785E-5
7.3433E-5
5.4300E-5
1.6588E-4
4.4823E-5
1.1307E-4
1.2240E-3
1.8439E-3
2.9260E-4
-5.7280E-5
9.1910E-5
2.4199E-5
-3.3081E-5
2.9325E-5
-1.0765E-4
1.8362E-3
3.5465E-5
1.5283E-3
7.9691E-5
-2.7704E-4
3.4153E-5
3.6615E-4
2.0790E-4
-5.2273E-5
1.7405E-5
-2.0009E-4
2.2048E-4
1.6543E-3
1.4246E-4
2.1200E-3
-9.6738E-5
-1.0830E-4
-1.4502E-4
-1.6928E-4
1.5852E-3
3.2771E-4
1.0358E-3
-4.3899E-5
-1.5941E-4
3.5375E-5
-1.6743E-4
2.0087E-5
2.1735E-4
4.6968E-5
1.5980E-4
9.8288E-5
-2.4313E-4
2.3520E-4
7.3671E-5
-2.5100E-4
-8.2552E-5
2.8133E-5
-7.8678E-6
1.4662E-3
6.4671E-5
-1.9121E-4
-9.3341E-5
1.6904E-4
6.2823E-5
-1.5885E-4
2.1586E-3
1.4454E-4
2.8771E-4
1.7667E-4
7.0333E-6
2.2286E-4
-1.3167E-4
1.3537E-3
-2.2388E-4
2.6196E-4
-8.5711E-5
1.5533E-3
3.5650E-4
-1.1104E-4
-1.5855E-5
1.5655E-3
1.2064E-4
1.9848E-5
-8.4877E-5
2.5243E-4
1.6123E-4
-7.5519E-5
4.5538E-5
1.4676E-3
-8.2493E-5
-1.8436E-4
9.3579E-6
-1.0097E-4
8.4609E-5
1.0458E-3
1.2415E-3
-7.5132E-5
1.3623E-4
1.9825E-3
6.5422E-4
-1.0663E-4
-1.6558E-4
1.5275E-3
1.4079E-3
-1.1265E-4
1.2960E-3
-2.1940E-4
-2.3842E-7
-4.2504E-4
2.7704E-4
1.8290E-3
2.5696E-4
-1.4228E-4
-5.0008E-5
-2.1267E-4
5.7817E-6
6.5088E-5
-4.9710E-5
-9.0599E-6
1.0161E-3
-2.4319E-5
-2.9093E-4
1.3893E-3
-1.4478E-4
1.6209E-3
6.8009E-5
-1.0169E-4
-1.6189E-4
6.3896E-5
7.9805E-4
1.6075E-4
2.4718E-4
2.0540E-4
-3.4678E-4
2.4337E-4
2.0862E-5
2.3742E-3
-3.0977E-4
3.4505E-4
2.8378E-4
3.4845E-4
5.5373E-5
8.9824E-5
-2.0266E-5
-8.1658E-6
1.3517E-3
1.3053E-5
1.1459E-3
-1.0222E-5
2.0683E-4
9.2587E-4
1.0043E-5
4.5717E-5
3.8230E-4
-2.2513E-4
7.8022E-5
1.7149E-3
1.3572E-4
-1.9854E-4
4.0114E-5
8.5115E-5
1.6421E-3
1.2821E-4
5.1856E-4
9.4604E-4
9.2924E-5
-1.7965E-4
1.0872E-4
6.8545E-5
-1.0890E-4
9.6583E-4
-1.2040E-4
-3.1018E-4
1.7163E-3
-3.5882E-5
-5.5790E-5
1.9735E-4
-6.4433E-5
1.9254E-3
2.3353E-4
-3.0220E-5
1.3077E-4
1.6918E-3
1.5843E-4
2.4104E-4
2.4456E-4
-3.3832E-4
-3.3909E-4
2.0958E-3
-4.4167E-5
1.4725E-3
3.3319E-5
-2.3991E-4
1.4394E-3
1.0179E-3
3.6353E-4
1.1837E-4
-1.9282E-5
3.5822E-5
1.3381E-3
1.0061E-4
-2.4521E-4
5.3436E-5
1.9122E-3
-1.1182E-4
-9.1136E-5
2.9010E-4
-1.3030E-4
-1.4138E-4
1.2696E-4
-7.2718E-6
4.8637E-4
-1.7118E-4
-8.2731E-5
1.3380E-3
-2.2012E-4
-2.3776E-4
1.4750E-3
-2.4754E-4
-9.7632E-5
1.6105E-3
9.9957E-5
1.2875E-4
4.2439E-5
-5.6744E-5
1.4351E-3
-1.5861E-4
-3.2532E-4
1.9352E-3
1.1158E-4
2.6935E-4
-1.6630E-5
1.0090E-3
9.0957E-5
-5.3883E-5
4.2319E-6
9.3341E-5
-1.0365E-4
-4.3929E-4
-8.9109E-5
3.6418E-5
-2.0099E-4
-5.2577E-4
3.3486E-4
-2.5022E-4
-2.2894E-4
3.1251E-4
6.7711E-5
1.9571E-3
1.9610E-5
3.3408E-5
8.6486E-5
-3.3176E-4
-1.9521E-5
-1.0368E-4
-6.2883E-6
-1.1456E-4
-1.0547E-4
4.6134E-5
2.0200E-4
-2.4617E-5
-1.1063E-4
1.6922E-4
1.8966E-4
-1.1706E-4
1.6838E-4
1.2416E-4
1.9735E-3
1.5825E-4
8.8036E-5
-1.5563E-4
2.0099E-4
-9.8348E-6
7.9811E-5
3.7253E-5
1.0836E-4
-3.9160E-5
-4.5896E-6
-3.3283E-4
6.1154E-5
-1.3334E-4
1.8018E-4
-3.7849E-5
1.2295E-3
-1.0747E-4
-9.3162E-5
8.7601E-4
5.0306E-5
-1.0824E-4
-6.7353E-5
6.4975E-4
-2.5576E-4
1.1292E-3
-1.4663E-5
-2.2990E-4
8.4639E-5
1.0371E-5
3.0333E-4
3.7766E-4
-6.6042E-5
-3.5048E-5
1.7095E-4
1.1800E-3
3.2425E-5
-1.7107E-4
-1.3724E-4
1.5485E-4
-1.6680E-4
1.1781E-3
-1.1647E-4
1.1559E-3
-2.4319E-4
1.5914E-4
3.1471E-5
1.1352E-3
1.4901E-4
9.2685E-5
9.2685E-5
9.5010E-5
-2.2328E-4
6.6817E-5
2.0528E-4
-4.1127E-6
-2.5231E-4
6.7049E-4
-3.2246E-5
1.9395E-4
3.2789E-4
1.1748E-4
7.3762E-3
5.5552E-5
1.5855E-5
1.8443E-3
2.3752E-4
1.4693E-4
-3.9989E-4
-3.4285E-4
-9.4771E-6
-2.7341E-4
1.6486E-3
7.2241E-5
8.3208E-5
4.4823E-5
1.6692E-3
1.7535E-3
3.2389E-4
3.8677E-4
3.1412E-5
-3.0905E-4
3.0518E-5
7.4327E-5
-1.3429E-4
-4.7565E-5
1.2815E-3
-1.9506E-4
1.1034E-3
-1.4123E-4
7.9313E-4
-1.6439E-4
-2.3994E-4
-2.2477E-4
-4.5377E-4
-1.5157E-4
-2.0564E-4
-1.6773E-4
-6.8307E-5
-1.7411E-4
3.9458E-5
1.4644E-3
5.4836E-6
-2.3991E-4
9.8860E-4
9.2268E-5
2.5451E-5
-2.6107E-4
6.0129E-4
1.1688E-4
-2.4003E-4
8.6296E-4
1.5676E-4
-1.2749E-4
8.6486E-5
1.5342E-3
1.3827E-3
1.8305E-4
2.0409E-4
2.5934E-4
1.1625E-3
-1.1772E-4
2.5451E-5
-1.1200E-4
-5.2571E-5
4.4227E-5
9.8765E-5
1.2891E-3
-1.3423E-4
-2.2584E-4
2.9725E-4
9.1016E-5
-1.4132E-4
-7.1228E-5
-1.0771E-4
1.2356E-4
1.2652E-3
-6.2466E-5
-2.6706E-4
-3.1427E-4
-2.5502E-4
-1.2812E-4
8.8155E-5
-2.4152E-4
-3.6478E-5
1.2801E-3
7.2062E-5
-1.4478E-4
1.1783E-3
-2.6739E-4
-8.7678E-5
-3.8743E-5
9.3162E-5
8.3327E-5
-2.8491E-4
-6.9857E-5
1.0532E-3
3.7670E-5
1.3770E-3
7.2420E-5
-3.5834E-4
1.0198E-3
1.8078E-4
1.7750E-4
4.9502E-4
-3.3259E-5
1.5515E-4
1.4962E-3
2.1338E-5
1.8597E-5
2.8265E-4
1.7458E-3
-2.2513E-4
2.1911E-4
1.9298E-3
1.7937E-3
1.7405E-5
-2.4039E-4
1.1075E-3
-1.2577E-5
-1.8781E-4
-1.2958E-4
-5.9783E-5
-3.1614E-4
-2.1279E-4
1.5213E-3
-1.9115E-4
-1.2767E-4
6.2823E-5
-4.9257E-4
-4.5091E-5
1.4863E-3
2.3445E-4
1.4935E-3
5.8264E-5
-1.3837E-4
-2.1887E-4
4.5747E-5
-5.4598E-5
1.7064E-3
1.1879E-4
-8.7142E-5
-9.0659E-5
1.4323E-4
1.3174E-3
-3.7795E-4
-9.6560E-5
-8.1301E-5
-7.3612E-5
-8.1897E-5
-1.6624E-4
1.9366E-4
1.2844E-3
1.0228E-4
1.1278E-3
-9.7215E-5
2.0981E-5
-3.3975E-4
-2.4420E-4
-2.3860E-4
1.8793E-4
9.8944E-5
-1.8436E-4
3.1531E-4
2.4235E-4
4.0883E-4
1.9497E-3
4.3017E-4
1.2884E-3
-3.7372E-5
-1.4341E-4
3.8278E-4
1.2100E-4
-2.3484E-5
5.7459E-4
6.6054E-4
2.2360E-3
3.2187E-5
2.1325E-3
-8.6486E-5
3.0190E-4
1.8716E-4
5.7817E-6
1.8820E-4
1.4144E-4
1.0163E-5
1.8239E-4
-1.6093E-5
1.6262E-3
-8.1480E-5
1.5199E-5
-6.8367E-5
8.3864E-5
-5.9187E-5
1.5974E-5
6.4552E-5
1.4995E-3
-3.3379E-6
-1.2934E-4
1.1691E-3
1.6655E-3
-2.8700E-4
-4.2796E-5
6.6936E-5
1.8567E-3
-9.4235E-5
-2.3675E-4
1.6361E-3
1.3303E-3
-9.4831E-5
-2.4199E-4
-5.1916E-5
-2.9206E-5
-6.0022E-5
5.0902E-5
-3.5375E-4
-3.5286E-4
1.6069E-4
-2.9880E-4
-5.7560E-4
-1.3679E-4
2.5809E-5
-3.3361E-4
-1.5950E-4
-1.7458E-4
1.7476E-4
1.9342E-4
-1.9068E-4
-8.1718E-5
-4.2421E-4
1.8239E-5
-9.1076E-5
1.7256E-3
2.0444E-4
3.2216E-4
-8.2731E-5
1.8036E-4
-2.5004E-4
3.2422E-4
-1.8287E-4
1.5596E-4
4.1068E-5
1.1144E-3
9.2387E-5
-7.2181E-5
5.6803E-5
3.3873E-4
1.3924E-4
1.1033E-4
1.4782E-4
1.2723E-3
2.4080E-4
2.3186E-4
-2.8104E-4
-1.0085E-4
1.8090E-4
-2.3067E-5
-7.3671E-5
1.5843E-4
3.4738E-4
1.3793E-4
5.7292E-4
2.0856E-4
-4.4227E-5
-9.8348E-6
7.9715E-4
2.1377E-3
1.0651E-4
1.3843E-3
1.4396E-3
1.0406E-3
3.9613E-4
2.8223E-4
4.6551E-5
1.4913E-4
5.5486E-4
6.0332E-4
-1.1677E-4
6.6257E-4
2.0325E-5
5.1379E-4
3.7909E-4
4.1139E-4
3.6734E-4
7.2449E-4
3.9172E-4
2.1261E-4
4.6879E-5
1.2386E-3
-1.2040E-5
1.9514E-3
-2.4080E-5
-3.4422E-5
1.3409E-3
-1.1730E-4
-1.0878E-4
-3.7134E-5
1.2655E-3
-1.2749E-4
1.1957E-4
-1.2600E-4
-1.7542E-4
2.0462E-4
7.2914E-4
1.6856E-4
1.7476E-4
1.5712E-4
1.4897E-3
1.0687E-4
2.1772E-3
1.7172E-4
1.7130E-4
9.2208E-5
1.5109E-3
-3.2085E-4
1.4257E-4
-1.3894E-4
8.9824E-5
2.9618E-4
2.5588E-4
1.8460E-4
-5.0664E-5
1.2648E-4
1.4498E-3
7.3433E-5
7.5638E-5
2.0233E-3
2.3216E-4
7.0709E-4
9.7036E-4
1.1796E-4
2.0074E-3
-1.6451E-4
-1.8793E-4
-9.1791E-6
-6.1393E-5
1.4842E-4
2.5731E-4
1.9513E-3
-1.9550E-5
1.7955E-3
1.2913E-4
-8.9407E-6
2.9716E-4
8.5741E-5
1.4068E-3
-2.2590E-4
4.9710E-5
-3.2783E-6
7.1645E-5
1.7002E-3
1.8016E-3
-2.8312E-4
-2.7072E-4
-9.9540E-5
-1.0908E-5
-1.0002E-4
-1.3453E-4
-1.6475E-4
-1.4824E-4
4.1425E-5
1.0824E-4
-2.0325E-5
2.9010E-4
4.3035E-5
-5.1081E-5
1.9116E-3
-9.8467E-5
1.0675E-4
2.6333E-4
1.1397E-3
7.9370E-4
1.6010E-4
-8.4639E-6
2.7263E-4
-1.7524E-5
1.0021E-3
3.6359E-5
1.6150E-3
-2.9123E-4
4.8560E-4
4.0960E-4
2.8521E-4
-5.3585E-5
1.1790E-4
8.5831E-5
-1.1349E-4
1.0673E-3
2.2936E-4
1.1265E-5
-1.7974E-4
-9.8854E-5
1.7583E-6
1.7227E-3
-4.5210E-5
1.6491E-3
7.3028E-4
1.7568E-3
-1.6481E-4
1.7158E-3
-1.9729E-5
-5.4181E-5
6.6996E-5
-7.7605E-5
2.6852E-4
-1.3500E-4
7.5221E-5
4.3333E-5
8.2982E-4
1.9091E-3
-1.7053E-4
8.4430E-4
1.2786E-3
1.5711E-3
1.1057E-4
-1.2237E-4
3.7527E-4
-1.6165E-4
6.8545E-6
9.5904E-5
2.3884E-4
-3.3319E-5
-1.6260E-4
-2.5094E-4
1.0180E-3
1.6424E-3
-2.9445E-4
-6.1929E-5
2.0011E-3
1.7881E-5
2.0421E-4
-1.9234E-4
1.5235E-4
1.8412E-3
2.6703E-5
5.3644E-7
-2.9552E-4
-6.2704E-5
1.7828E-4
-1.1319E-4
-6.5506E-5
1.3474E-3
8.5980E-5
-3.3408E-5
5.0157E-5
1.9631E-4
1.4424E-5
1.0812E-4
-1.0946E-4
-5.8979E-5
-4.6253E-5
1.0552E-3
2.1285E-4
8.3423E-4
2.6107E-5
-2.3299E-4
-1.9050E-4
1.8090E-4
4.3780E-4
8.7404E-4
4.7386E-5
1.7835E-3
-6.0737E-5
1.3195E-3
1.6351E-3
8.1062E-5
-1.0258E-4
2.0117E-4
-2.9159E-4
6.0678E-5
-1.4174E-4
1.1876E-3
-6.1989E-6
1.8531E-4
9.7632E-5
-2.0087E-4
-2.0623E-4
8.4639E-5
2.2787E-4
-1.7202E-4
-7.1228E-5
-2.1040E-5
-3.4481E-4
-2.2799E-4
-3.9148E-4
4.1813E-4
2.3653E-3
1.1043E-3
-1.6183E-4
-2.4116E-4
-1.6063E-4
1.5520E-3
-8.9467E-5
2.0599E-4
4.2140E-5
-1.1256E-4
1.2551E-3
-7.6890E-6
1.2949E-4
-9.8944E-6
3.1149E-4
2.6548E-4
1.7116E-3
1.5517E-3
2.0836E-3
-2.0480E-4
1.5867E-4
1.3362E-3
9.1469E-4
1.1712E-3
9.2095E-4
7.8678E-6
6.7949E-5
-3.3379E-6
1.6153E-5
1.1218E-4
-1.6087E-4
3.3855E-5
2.5529E-4
1.2052E-4
-1.3238E-4
2.8080E-4
3.7271E-4
-1.7285E-6
4.6271E-4
1.7184E-4
3.2860E-4
1.5134E-3
9.2572E-4
-1.9723E-4
-7.6830E-5
-7.5579E-5
7.3296E-4
1.1778E-4
-3.7074E-4
1.2379E-3
5.7477E-4
5.2094E-5
1.7385E-3
1.2860E-3
1.9890E-4
-1.2344E-4
1.6831E-3
2.0003E-4
-3.9381E-4
-2.4271E-4
3.5310E-4
-1.8644E-4
-9.5367E-7
1.2244E-3
-1.3331E-4
-3.5763E-6
-8.5831E-5
-1.2711E-4
-1.6922E-4
1.6693E-3
2.1660E-4
-1.0806E-4
1.4096E-4
1.0496E-4
2.0188E-4
4.4465E-5
-2.8968E-5
-1.2773E-4
4.1914E-4
-1.0616E-4
6.4075E-5
-4.2319E-5
-3.1096E-4
1.6010E-4
-2.2376E-4
-1.8364E-4
8.2254E-6
1.5861E-4
3.1590E-5
9.2149E-5
-4.5598E-4
2.0059E-3
9.6738E-5
-1.4007E-5
-7.7426E-5
-2.7752E-4
3.9339E-6
6.0523E-4
-7.3963E-4
-6.1631E-5
-4.5556E-4
6.7317E-4
-3.7962E-4
4.8214E-4
-2.8706E-4
6.5148E-5
1.9535E-3
9.3824E-4
9.8717E-4
-8.1003E-5
-2.8694E-4
-4.6045E-4
-3.6329E-5
8.1480E-5
-2.1076E-4
-1.4701E-4
6.6400E-5
-9.2268E-5
-2.0739E-4
1.0670E-3
9.3436E-4
1.7500E-4
1.3709E-5
-5.4479E-5
1.4801E-3
2.4736E-5
2.3741E-4
-3.4249E-4
-7.5102E-5
-5.4657E-5
3.6418E-5
2.7061E-4
1.6081E-3
5.3197E-4
1.3463E-3
2.1136E-4
-3.1012E-4
-2.0009E-4
-8.7023E-6
4.6194E-5
1.5169E-4
2.6023E-4
1.2124E-4
-2.4080E-4
9.3281E-5
3.1096E-4
2.0283E-4
1.9079E-4
1.1134E-3
6.4564E-4
-1.0353E-4
3.4958E-4
1.1677E-4
-3.8564E-5
2.8276E-4
1.7858E-4
1.8299E-5
1.8215E-4
-1.4609E-4
5.7757E-5
9.7930E-5
1.8716E-5
2.8372E-5
2.8986E-4
-1.6528E-4
2.3758E-4
0.0000E+0
1.3851E-3
2.2581E-4
3.4216E-4
1.2524E-3
-5.3942E-5
1.1470E-3
1.1640E-3
-6.4015E-5
-1.6159E-4
5.5730E-5
1.1641E-4
2.6834E-4
1.9133E-4
3.5882E-5
1.0722E-3
1.7178E-4
5.0008E-5
5.5850E-5
7.5310E-4
1.7024E-3
2.7907E-4
1.7607E-4
2.4563E-4
-1.2755E-5
1.4669E-4
2.4658E-4
7.0274E-5
-9.0122E-5
2.1142E-4
-1.4538E-4
4.2903E-4
7.3433E-5
2.0242E-4
-8.3148E-5
2.1684E-4
2.8187E-4
7.2628E-4
-1.3721E-4
-2.6882E-4
1.3840E-4
4.3696E-4
-1.9902E-4
2.4813E-4
2.0671E-4
-1.9163E-4
6.2346E-5
-6.3962E-4
6.0558E-5
1.5956E-3
2.0659E-4
-2.3842E-5
-6.3896E-5
2.9802E-5
1.0359E-3
-1.0520E-4
-2.9534E-5
-1.1712E-4
-3.0181E-4
9.2232E-4
-1.6099E-4
-1.4317E-4
1.2225E-4
-1.4955E-4
1.0252E-4
-1.9389E-4
-1.8543E-4
1.3841E-3
-1.2839E-4
-7.7784E-5
-1.0169E-4
3.9470E-4
1.8537E-5
-6.4969E-6
-1.8775E-5
4.9233E-5
-2.3383E-4
-7.3552E-5
9.1493E-4
9.4926E-4
2.8610E-6
4.9472E-5
8.9747E-4
2.5737E-4
2.4182E-4
1.7768E-4
-1.0270E-4
2.0385E-5
-2.7418E-6
2.6047E-5
-8.6725E-5
-3.7891E-4
-1.0854E-4
-3.1298E-4
7.9095E-5
-7.4506E-6
-3.8743E-5
-2.6619E-4
-1.1468E-4
1.8483E-4
8.5819E-4
2.0564E-3
7.3016E-6
1.3232E-5
1.1761E-3
4.6104E-5
1.4585E-4
-2.1020E-4
5.5313E-5
-9.8467E-5
-3.0816E-4
-5.1677E-5
-4.3452E-5
1.1075E-4
7.7921E-4
3.2341E-4
-6.1810E-5
1.1390E-4
-2.6226E-6
-4.6134E-5
-1.8877E-4
-3.1471E-5
9.3412E-4
1.7142E-4
1.5593E-4
1.4710E-4
2.2599E-3
-2.8288E-4
1.5485E-4
2.1333E-4
1.1109E-3
-1.6034E-4
-1.0240E-4
1.7852E-4
1.9026E-3
-2.2435E-4
-2.2334E-4
1.6387E-3
4.5896E-6
-6.5994E-4
-1.5557E-4
-2.9999E-4
-1.1021E-4
3.1447E-4
-2.3961E-5
-3.0398E-5
5.9128E-4
-6.9559E-5
1.4442E-4
-4.5365E-4
1.1098E-4
6.9571E-4
3.7909E-5
3.8224E-4
7.6056E-5
-2.0549E-4
4.4256E-5
1.2194E-3
9.6124E-4
3.3158E-4
7.3701E-5
-4.3675E-4
2.7430E-4
2.0360E-3
1.7956E-3
1.8507E-3
1.8704E-4
2.0623E-5
2.2244E-4
1.2726E-4
1.4722E-3
1.5976E-3
1.2267E-4
1.3228E-3
3.7086E-4
5.1308E-4
1.3900E-4
2.3311E-4
-1.1230E-4
-4.9889E-5
1.7595E-4
1.4112E-3
1.2162E-3
-4.6611E-5
2.2838E-3
5.9903E-5
1.1984E-3
1.5640E-4
-5.6219E-4
-7.4983E-5
-3.0160E-4
-3.9637E-5
-2.0802E-4
8.4078E-4
1.4067E-4
1.7637E-4
3.4720E-4
5.9181E-4
1.4219E-3
-1.5891E-4
-6.3241E-5
4.2725E-4
-2.0099E-4
-3.7718E-4
-3.1471E-5
2.5469E-4
-2.9564E-5
1.3530E-3
1.2895E-4
1.5438E-5
2.2614E-4
-1.2183E-4
-1.7732E-4
-2.7788E-4
2.7418E-5
-7.0274E-5
-3.1281E-4
-1.1444E-5
1.2290E-4
2.5475E-4
-1.0031E-4
-3.9917E-4
-6.7890E-5
1.3590E-3
-1.5020E-5
2.1100E-5
-6.4015E-5
-1.6552E-4
-1.3703E-4
1.2851E-3
1.4460E-4
1.1690E-3
5.8115E-5
-2.4015E-4
-1.4651E-4
-3.2604E-5
-1.5587E-4
1.8156E-4
1.9073E-5
1.8954E-5
5.6624E-5
2.8741E-4
8.9228E-5
1.3593E-3
1.3387E-4
8.8638E-4
1.5211E-3
-8.1658E-6
5.0014E-4
0.0000E+0
-1.1611E-4
1.1953E-3
-3.8469E-4
1.3053E-5
1.3536E-4
-1.2565E-4
5.8889E-5
1.3080E-3
1.3402E-3
6.8277E-4
1.9133E-4
-3.6657E-6
1.5917E-4
-5.4777E-5
2.3803E-4
2.2408E-4
9.7156E-5
-2.8551E-5
4.9263E-4
1.5716E-3
1.5444E-4
1.2792E-3
6.4969E-5
-6.7353E-6
8.6725E-5
1.4424E-3
1.3036E-4
1.2782E-3
1.6707E-4
3.8922E-5
1.1891E-3
2.4939E-4
-5.3525E-4
2.9993E-4
-1.7303E-4
1.4293E-4
2.5326E-4
-2.4432E-4
-1.6224E-4
1.5640E-4
1.8878E-3
1.7554E-4
-1.7315E-4
1.5841E-3
-5.2094E-5
4.2981E-4
2.6870E-4
2.0391E-4
1.3709E-5
-2.6149E-4
-1.8322E-4
-8.5056E-5
2.3574E-4
1.3090E-3
1.0574E-4
1.4272E-3
-1.2648E-4
0.0000E+0
-4.5413E-4
7.7784E-5
-2.1723E-4
4.0293E-5
2.9066E-4
1.5470E-3
-6.1989E-5
-1.0732E-4
1.2428E-5
1.0848E-4
-1.5306E-4
2.3180E-4
-2.3097E-4
2.4259E-5
-3.3379E-6
1.7530E-3
-1.0473E-4
-7.1526E-5
6.2585E-6
9.2512E-4
-1.1414E-4
-2.5004E-4
-1.3155E-4
-1.8615E-4
1.2814E-3
2.5690E-5
9.5820E-4
-1.4555E-4
5.8901E-4
3.5447E-4
2.2137E-4
1.4126E-4
1.1349E-4
2.0053E-3
1.8156E-4
1.6613E-3
1.4561E-4
2.1261E-4
-1.1945E-4
2.7299E-5
1.2374E-4
-2.3246E-6
4.1139E-4
-2.6548E-4
2.4366E-4
1.7701E-3
1.7372E-3
5.3805E-4
3.3087E-4
1.8972E-4
-3.8147E-6
2.6524E-4
7.0632E-5
-1.5414E-4
3.0115E-4
-1.5619E-4
6.2376E-5
1.3739E-4
-1.2138E-4
-1.1730E-4
1.6989E-3
6.3509E-5
1.2213E-4
7.3671E-5
1.6278E-4
4.7445E-5
7.1943E-5
-1.5658E-4
-6.9082E-5
-1.8376E-4
6.5517E-4
-3.5685E-4
3.7432E-5
-2.9922E-5
-2.0683E-4
-3.3867E-4
5.6905E-4
1.4828E-3
-2.2233E-5
2.2632E-4
2.7418E-5
-1.8477E-5
1.0169E-4
-5.9605E-8
4.9561E-4
2.8032E-4
1.4404E-3
2.1976E-4
1.5541E-3
3.4058E-4
1.4710E-4
1.3560E-4
9.9897E-5
-1.6338E-4
-6.1393E-5
-2.7341E-4
4.2897E-4
2.6262E-4
1.9867E-3
1.0884E-4
1.4028E-3
1.4241E-3
1.5026E-4
-3.8546E-4
1.6385E-4
-9.1791E-5
5.3525E-5
1.1136E-3
1.9305E-3
1.1405E-4
2.1428E-5
1.5190E-3
-6.8367E-5
-1.2243E-4
-2.5761E-4
-2.2531E-4
-8.0287E-5
-5.3644E-6
-2.3031E-4
-1.5336E-4
1.1489E-3
-2.4813E-4
3.3855E-5
7.1645E-4
-2.3603E-5
-6.1631E-5
-3.2961E-5
1.3244E-3
1.4706E-3
7.0333E-5
6.5863E-5
1.3934E-3
2.0027E-5
9.8467E-5
-1.9974E-4
-1.5873E-4
-1.0771E-4
-9.2149E-5
1.2511E-4
2.0754E-4
2.2256E-4
3.0279E-5
2.2131E-4
3.2139E-4
1.0918E-3
1.4246E-4
-1.0794E-4
9.3955E-4
1.2763E-3
-1.9771E-4
6.2346E-5
7.8917E-5
-5.7042E-5
6.2996E-4
1.7262E-4
-6.8784E-5
1.2875E-5
-4.8757E-5
4.3601E-5
-1.6412E-4
3.0875E-4
1.3887E-3
2.0176E-4
-1.0422E-4
1.8712E-3
-1.5938E-4
-1.9383E-4
1.2326E-4
7.7844E-5
-7.1412E-4
5.0217E-4
-6.0326E-4
5.5671E-5
9.5069E-5
-3.9440E-4
-9.8825E-5
1.6535E-3
-2.3246E-6
-5.5432E-6
4.3094E-5
-5.2750E-5
1.2386E-4
-3.0547E-4
-2.0677E-4
-4.5002E-5
-4.1693E-4
-1.1396E-4
1.2801E-3
4.6134E-5
1.6013E-3
3.3379E-5
-1.1855E-4
3.9339E-5
7.1883E-5
-1.9091E-4
4.3154E-5
-8.6725E-5
2.4331E-4
1.9056E-4
-2.7609E-4
6.2585E-6
1.3947E-3
-3.9339E-6
3.6561E-4
1.4903E-3
-5.1320E-5
6.0260E-5
-4.1616E-4
1.3128E-3
1.6981E-4
-2.1824E-4
-5.3793E-5
-3.1143E-5
1.4234E-4
2.4033E-4
-1.5864E-4
5.7286E-4
1.2386E-4
9.1314E-5
1.0635E-3
-7.0453E-5
1.9968E-5
-7.0691E-5
-2.3097E-4
-1.4544E-4
3.8099E-4
9.7156E-5
5.5432E-6
1.7446E-3
1.7369E-4
2.8211E-4
1.5749E-3
9.5510E-4
5.8752E-4
-3.9518E-5
-5.8889E-5
2.9886E-4
-1.4448E-4
-1.5748E-4
1.3924E-4
1.1321E-3
3.6627E-4
1.8591E-4
-2.6464E-4
-1.8221E-4
-4.8876E-6
1.0234E-4
-1.6201E-4
-1.8567E-4
1.0478E-4
2.0708E-3
1.4153E-3
-1.5372E-4
1.6599E-3
1.8221E-4
9.9719E-5
2.1763E-3
1.0355E-3
1.4019E-4
1.5811E-3
-8.7321E-5
1.8805E-4
2.4825E-5
-6.3807E-5
1.9464E-4
5.1886E-5
-2.1428E-5
1.6652E-3
3.8874E-4
9.5189E-5
2.1219E-4
3.6186E-4
-2.8187E-4
1.6707E-4
4.0710E-5
7.5281E-5
-1.5748E-4
3.2711E-4
-1.1301E-4
-1.4216E-4
-6.1691E-5
4.8757E-5
5.2810E-5
2.5332E-5
-1.6207E-4
1.5248E-3
1.1226E-3
4.1246E-5
-2.3901E-5
1.9366E-4
1.5837E-4
-1.3852E-4
-3.8147E-6
3.4833E-4
1.4725E-3
-1.1086E-4
-3.1501E-4
1.3655E-4
4.2498E-5
9.1016E-5
1.7841E-3
-1.0478E-4
3.1984E-4
-1.3959E-4
1.0321E-3
6.8164E-4
0.0000E+0
4.4787E-4
9.2745E-5
1.4973E-4
1.5593E-4
-6.3777E-6
6.9624E-4
1.7524E-5
5.9247E-5
2.2507E-4
1.8823E-4
-1.7890E-4
-9.4205E-5
-6.8188E-5
1.3265E-4
1.1623E-4
-1.3340E-4
-4.4107E-5
-1.3649E-4
2.0123E-4
1.2350E-3
8.5831E-5
1.0238E-3
1.1194E-4
6.6757E-6
-1.4752E-4
-1.7238E-4
2.6816E-4
-4.3631E-5
1.7160E-4
1.6248E-4
1.9532E-4
7.2837E-5
1.5581E-4
2.8956E-4
2.2769E-4
1.7422E-4
3.3855E-5
2.7508E-4
-4.5121E-5
2.9397E-4
1.5181E-4
1.0517E-3
4.8876E-6
1.8728E-4
-3.2187E-6
8.6188E-5
1.8764E-4
1.8376E-3
-5.1558E-5
-2.1130E-4
1.5587E-4
9.7853E-4
1.4295E-3
8.4519E-5
1.3870E-4
1.2742E-3
7.5281E-5
-1.2159E-5
4.5300E-5
7.1019E-5
5.3611E-4
-4.6194E-6
8.0764E-6
2.0245E-4
8.6567E-4
2.3258E-4
3.4481E-5
1.4031E-4
1.2016E-4
1.5604E-4
-3.5733E-4
-1.0610E-5
1.6737E-3
4.7207E-5
9.8348E-4
8.5235E-5
1.2729E-3
-1.0133E-6
1.6129E-4
-5.9426E-5
-1.1140E-4
2.0671E-4
1.4659E-3
1.4693E-4
8.5676E-4
-9.3043E-5
1.2803E-4
7.9656E-4
-1.0425E-4
-1.1122E-4
3.9828E-4
1.2088E-4
1.5199E-4
3.1537E-4
9.7454E-5
1.7679E-4
-1.7333E-4
2.1958E-4
4.6653E-4
3.3325E-4
2.1017E-4
1.7340E-3
1.2112E-4
7.2122E-4
-1.1879E-4
1.8871E-4
1.4544E-4
-1.9944E-4
-1.2279E-5
-1.4293E-4
-9.9242E-5
1.2256E-3
-7.8321E-5
2.7499E-4
-1.1662E-4
-5.2691E-5
2.8908E-6
1.2261E-4
2.1935E-5
-2.5451E-5
-6.4373E-5
-1.6230E-4
-2.6697E-4
-1.7464E-4
1.5666E-3
1.1790E-3
1.6786E-3
-3.2747E-4
-3.2091E-4
4.7684E-7
2.7555E-4
1.3238E-4
-1.5253E-4
6.8116E-4
-7.8380E-5
3.4112E-4
9.5767E-4
4.5437E-4
5.1802E-4
1.8520E-3
4.7165E-4
7.0179E-4
2.2244E-4
2.4426E-4
1.8731E-3
2.4107E-3
1.8341E-3
1.6123E-4
1.7428E-4
-3.4213E-5
2.8372E-4
6.6698E-5
2.9987E-4
5.7995E-4
4.9204E-4
4.0352E-4
3.3236E-4
1.8179E-3
1.3202E-4
4.3213E-5
-3.6174E-4
3.8826E-4
4.2653E-4
-2.5433E-4
-1.4022E-4
-2.0695E-4
-1.3983E-4
8.8811E-6
-3.5405E-5
-1.8388E-5
1.2916E-4
3.3975E-6
7.6312E-4
-9.4891E-5
1.6212E-4
1.9324E-4
0.0000E+0
2.9206E-4
-2.1482E-4
1.0014E-4
-1.6302E-4
-2.5898E-4
-1.0204E-4
-2.3222E-4
-5.1856E-5
6.9261E-5
-4.8578E-5
6.8605E-5
1.2439E-4
2.1263E-3
-1.5259E-4
-7.4139E-3
1.0574E-4
-5.4657E-5
1.1188E-4
-1.7929E-4
1.4597E-3
1.2749E-4
1.7869E-4
3.1459E-4
2.6542E-4
1.8200E-3
1.1986E-4
1.3470E-3
1.4019E-4
9.7811E-5
2.7841E-4
2.0244E-3
1.0815E-3
3.5787E-4
1.8346E-4
5.2541E-4
1.6884E-3
2.8551E-5
0.0000E+0
1.8419E-3
1.3704E-3
7.2739E-4
-1.8239E-5
-2.4122E-4
1.6050E-3
-3.6538E-5
-2.6375E-5
-1.3930E-4
-5.8115E-5
5.1808E-4
-9.3758E-5
-1.1665E-4
-1.6093E-6
1.9550E-5
-1.2475E-4
-1.3065E-4
2.6226E-5
1.3079E-3
6.8665E-5
4.0412E-5
1.4670E-3
1.3826E-3
2.3794E-4
4.7499E-4
1.5426E-4
1.9454E-3
1.7601E-4
1.8585E-4
-6.6757E-5
-7.2598E-5
1.8656E-5
1.2124E-4
1.1748E-4
1.2040E-3
2.6309E-4
-4.3631E-5
-1.4639E-4
1.7062E-3
9.6738E-5
7.9799E-4
-1.4776E-4
-2.5398E-4
2.6941E-5
-3.7688E-4
-1.1742E-5
1.2083E-3
1.7063E-3
1.0484E-4
3.7289E-4
-1.5557E-5
2.3691E-3
1.8337E-3
1.7347E-3
4.9013E-4
3.6904E-4
5.8264E-5
4.6611E-4
1.4192E-4
-2.6399E-4
-8.6844E-5
-2.2572E-4
1.2159E-5
1.5367E-3
-1.6093E-5
-2.2662E-4
1.8752E-4
-4.8715E-4
-1.7893E-4
2.5278E-4
-1.3876E-4
1.1593E-4
1.2624E-4
-1.6564E-4
-3.5471E-4
1.3873E-3
1.8545E-3
1.7743E-3
1.6357E-3
1.6027E-3
1.0234E-4
1.6233E-3
9.4551E-4
1.1623E-5
1.3673E-4
-4.3041E-4
1.4246E-4
-1.7917E-4
-2.3639E-4
-2.2817E-4
-4.9412E-5
1.9878E-4
1.2511E-4
0.0000E+0
7.8917E-5
1.6707E-3
-2.8175E-4
1.7350E-3
-1.0622E-4
1.3816E-3
-2.1607E-4
1.5731E-3
2.0921E-3
2.0456E-3
