87
52
3.8657E-4
3.6034E-4
2.2256E-4
2.0423E-3
3.4360E-3
3.0336E-3
2.9556E-3
2.7493E-3
3.2981E-3
3.1016E-3
3.1756E-3
-1.1957E-3
2.0578E-3
2.2399E-3
2.2469E-3
3.5511E-3
2.9600E-3
2.7094E-3
4.3343E-3
2.3285E-3
2.1857E-3
3.1131E-3
5.8788E-4
1.7486E-3
8.9884E-4
9.9581E-4
1.2689E-3
1.1835E-3
2.1833E-3
6.0326E-4
1.7672E-3
1.7325E-3
3.4027E-3
2.4544E-3
2.8865E-3
1.2101E-3
3.5349E-3
4.2811E-3
2.0959E-3
3.9934E-3
2.8989E-3
3.0935E-3
3.0472E-3
3.2127E-3
4.1091E-3
2.6911E-3
6.3257E-3
3.3607E-3
2.7393E-3
8.4413E-3
1.5900E-3
1.8904E-3
9.1335E-4
1.3362E-3
1.7487E-3
5.2211E-3
3.3110E-4
5.7495E-3
3.5200E-3
2.8070E-3
1.5193E-3
1.9190E-3
2.8023E-3
2.6981E-3
1.8930E-4
2.7152E-3
2.0196E-3
3.3113E-3
5.0232E-3
2.6520E-3
3.0057E-3
1.7862E-3
6.0850E-4
2.1075E-3
2.0071E-3
3.6085E-3
1.9022E-3
6.2561E-4
1.6027E-3
1.6274E-3
2.6063E-3
3.4591E-3
3.2599E-3
2.6327E-4
6.3407E-4
2.4656E-3
1.7005E-4
3.1015E-3
2.1114E-3
3.0185E-3
9.0575E-4
3.8450E-3
3.6227E-3
3.3566E-3
1.5827E-3
3.7954E-3
9.1603E-3
3.8025E-3
-1.2221E-3
3.3619E-3
5.4778E-3
7.6932E-3
1.2913E-3
1.7529E-3
3.1038E-3
4.3949E-3
3.1753E-3
3.0015E-3
2.5970E-3
3.3788E-3
5.4959E-3
1.1235E-3
1.2720E-3
2.6309E-3
9.8205E-4
1.4915E-3
-2.3144E-4
2.7894E-3
2.9213E-3
2.9438E-3
6.1895E-3
1.1938E-3
3.1602E-3
3.3488E-3
2.9214E-3
1.8735E-3
7.6969E-3
1.8402E-3
1.9158E-3
1.1105E-3
-8.3029E-5
1.1806E-3
4.0057E-3
2.1562E-3
5.4013E-3
2.7709E-3
1.0718E-3
1.8383E-3
3.7450E-3
3.5757E-3
3.9933E-3
5.2322E-3
3.1126E-3
3.2848E-3
3.5613E-3
7.4111E-3
2.4790E-4
1.8566E-3
2.5494E-3
2.6147E-3
1.8377E-3
4.3838E-3
3.8254E-3
4.3154E-3
8.5202E-3
1.2233E-3
2.1036E-3
1.7864E-3
1.0124E-3
2.0637E-3
1.7457E-3
8.8495E-4
4.8840E-4
1.3517E-3
1.6885E-3
1.2503E-3
2.1479E-3
2.8974E-3
1.9593E-3
1.7063E-3
-3.3081E-5
1.1125E-3
1.4508E-3
1.8360E-3
1.9090E-3
6.0833E-4
2.2603E-3
7.9274E-5
4.2742E-4
2.7236E-3
5.3596E-4
4.4292E-3
4.7119E-3
2.3572E-3
2.0381E-3
-1.3709E-5
2.2397E-3
2.3678E-3
2.5495E-3
6.4832E-4
4.3422E-4
3.3249E-3
2.6881E-3
2.4715E-3
2.0970E-3
3.3553E-3
1.6617E-3
1.4977E-3
1.9393E-3
2.4865E-3
3.3438E-4
2.9342E-3
1.7033E-3
1.5914E-3
2.1044E-3
1.9822E-3
5.8883E-4
2.8967E-3
2.6721E-3
2.1186E-3
2.4995E-3
2.3215E-3
1.9478E-3
2.2092E-3
2.0999E-4
8.0174E-4
8.4531E-4
2.2560E-3
3.4932E-3
3.6965E-3
1.5883E-3
3.6824E-3
4.1251E-3
1.2147E-3
2.0949E-3
2.4875E-3
6.1001E-3
2.7347E-3
1.9418E-3
2.0302E-3
2.3041E-3
2.6776E-3
1.6049E-3
4.8000E-4
1.9273E-3
2.1530E-3
3.0560E-3
2.9922E-3
3.6440E-3
1.5079E-3
3.6439E-3
2.3486E-3
2.7592E-3
2.3907E-3
2.6588E-3
-4.6605E-4
3.1613E-3
8.1700E-4
2.3071E-3
-9.3257E-4
3.5997E-3
2.4991E-3
2.2740E-3
1.5634E-3
2.8344E-3
9.6798E-4
3.4916E-3
6.5867E-3
3.2036E-3
3.3815E-3
2.6466E-3
2.5115E-3
3.0149E-3
2.0961E-3
2.3575E-3
2.5597E-3
3.4311E-3
4.3595E-3
1.5551E-3
2.0990E-3
7.2575E-4
3.1601E-3
1.8472E-3
1.9961E-3
3.0413E-3
4.7594E-4
1.3036E-3
1.4074E-3
2.9528E-3
4.1961E-3
1.2474E-3
-1.4840E-3
8.0079E-4
6.3264E-4
9.3406E-4
5.9253E-4
1.5223E-3
3.7881E-3
5.0044E-4
1.9329E-3
1.5990E-3
2.7591E-3
2.4668E-3
2.3772E-3
4.7749E-3
8.7875E-4
1.5084E-3
1.0082E-3
3.7677E-3
2.5410E-3
2.2808E-3
2.5278E-3
3.3821E-3
3.2190E-3
3.3489E-3
2.6575E-3
7.4454E-3
1.9322E-3
2.5626E-3
1.4722E-3
1.7821E-3
2.9770E-3
2.9002E-3
3.0582E-3
6.0040E-4
2.5943E-3
1.9574E-3
3.2529E-3
-5.8329E-4
1.3523E-3
2.1138E-3
3.0567E-3
2.3500E-3
2.0598E-3
3.1891E-3
7.3427E-4
6.8939E-4
2.7055E-3
1.4905E-3
2.9091E-3
2.5007E-3
1.1966E-3
2.5975E-3
2.9062E-3
1.9733E-3
1.3952E-3
3.0356E-3
2.2168E-3
1.5969E-3
-3.7408E-4
2.0959E-3
1.8343E-3
2.7068E-3
1.9214E-3
1.9315E-3
-2.8491E-4
3.5418E-3
2.1040E-3
2.6014E-3
5.9307E-5
3.8952E-3
2.4322E-3
3.0662E-3
2.9167E-3
2.3293E-3
3.3646E-3
2.9724E-3
1.7166E-3
4.0654E-3
2.7014E-3
1.7629E-3
1.6638E-3
5.0607E-3
4.9778E-3
7.0747E-3
1.6571E-3
3.4347E-3
2.2126E-3
2.6863E-3
2.4049E-3
6.6287E-3
5.9307E-4
2.5772E-3
2.2509E-3
2.2548E-3
2.8497E-3
1.7705E-3
9.5433E-4
2.0145E-3
1.3199E-3
2.9638E-3
6.5583E-4
2.7871E-4
2.3993E-3
2.6196E-3
2.3083E-3
9.4414E-4
1.3374E-3
1.9801E-3
3.2322E-3
2.8520E-3
1.1691E-3
3.6706E-3
2.4298E-3
2.4033E-3
3.2458E-3
2.0661E-3
2.4987E-3
3.6120E-3
-6.8903E-5
2.8278E-3
1.4269E-4
3.8776E-3
3.0271E-3
2.6763E-3
7.7558E-3
3.1195E-3
2.3137E-3
4.3184E-3
4.5730E-3
4.8699E-3
2.6650E-3
4.2362E-3
1.1948E-3
4.1355E-3
2.9663E-3
4.5109E-3
2.9566E-3
7.3306E-3
9.0957E-4
6.6550E-3
2.4365E-3
2.6196E-3
6.5553E-4
6.5345E-3
5.2381E-4
3.0386E-3
2.5047E-3
2.8102E-3
2.2951E-3
2.3358E-3
2.0615E-3
3.7462E-3
2.6805E-3
3.1646E-3
5.7733E-4
1.9364E-3
2.3850E-3
1.3778E-3
3.9446E-4
3.4018E-3
2.7515E-3
2.9204E-3
2.8571E-3
2.3549E-3
-6.4176E-4
2.9190E-3
5.7734E-3
3.4657E-3
2.4326E-3
2.1951E-3
8.3098E-3
6.1349E-3
1.3247E-3
1.8570E-3
8.0395E-4
3.8990E-3
5.6060E-3
3.0378E-3
3.0884E-3
3.6949E-3
4.1491E-3
2.0804E-3
5.6237E-4
2.9701E-3
1.1761E-3
4.5314E-3
3.0999E-3
3.4253E-3
9.6792E-4
3.2400E-3
2.9271E-3
2.1802E-3
1.4482E-3
2.6978E-3
2.6765E-3
5.9232E-3
1.2661E-3
3.3173E-3
2.8401E-3
0.0000E+0
4.2354E-3
3.0156E-3
7.3701E-4
3.7613E-3
3.5760E-3
2.3453E-3
4.0107E-3
2.9413E-3
3.0317E-3
1.1039E-3
-3.6925E-4
4.4398E-3
3.8652E-3
3.5177E-3
3.5481E-3
-4.7481E-4
3.7152E-3
-5.2738E-4
6.1266E-3
8.1986E-4
3.7223E-3
7.4787E-3
4.6487E-3
2.9534E-4
9.0197E-3
2.2506E-3
2.8749E-3
4.9878E-3
4.4210E-3
1.3435E-3
3.2579E-3
5.7092E-3
1.4170E-3
3.5148E-3
1.0605E-3
3.1348E-3
3.5852E-3
2.5952E-4
2.8031E-3
2.9095E-3
-2.1905E-5
2.5567E-3
5.8471E-3
2.8435E-3
5.8001E-4
1.8859E-4
1.1195E-3
1.5700E-3
2.1889E-3
6.9636E-4
5.3662E-4
1.9114E-3
1.5585E-3
2.3232E-3
4.4346E-3
2.5628E-3
6.8510E-4
2.5618E-3
1.0858E-3
2.6786E-3
2.0648E-3
2.7378E-3
2.5762E-3
2.3997E-3
1.4068E-3
5.7620E-4
2.8984E-3
1.9871E-3
1.3489E-3
1.0076E-3
3.9502E-3
1.3807E-3
1.0815E-3
3.6199E-3
2.3764E-3
2.4830E-3
2.1617E-3
8.7714E-4
1.8823E-3
3.2226E-3
9.1696E-4
2.6042E-3
2.3373E-3
4.8155E-4
3.0295E-3
7.3779E-4
3.0668E-3
2.3310E-3
3.3665E-3
3.7593E-3
3.9648E-3
1.6358E-3
2.6557E-3
2.2313E-3
2.4907E-3
2.0210E-3
-1.4491E-3
1.9900E-3
2.9396E-3
4.2380E-3
2.2079E-3
2.1015E-3
2.8414E-4
1.0288E-3
1.7373E-3
6.5616E-3
2.1716E-3
1.3519E-3
2.2753E-3
8.9175E-4
9.3055E-4
1.4663E-3
1.4892E-3
1.5544E-3
2.6650E-3
2.8636E-3
2.3944E-3
2.5040E-3
1.0781E-3
3.1458E-3
7.0828E-4
1.3813E-3
3.1970E-3
7.7188E-5
1.9812E-3
2.1039E-3
1.7637E-3
1.6266E-4
3.4585E-3
9.6297E-4
9.4712E-4
1.0069E-3
2.0303E-3
1.5492E-3
3.9201E-3
4.4322E-4
2.4246E-3
2.0151E-3
3.9916E-3
9.1958E-4
1.0313E-3
6.7126E-3
1.7524E-3
1.0900E-3
1.1093E-3
2.3447E-3
1.8582E-3
3.4356E-3
1.9342E-3
1.1629E-3
2.0600E-3
2.5876E-3
2.3829E-3
3.0245E-3
1.8553E-3
7.3183E-4
1.2923E-3
2.2479E-3
1.3754E-3
2.6385E-3
1.8677E-3
2.3723E-3
2.7812E-3
2.0009E-3
2.7609E-3
-2.1386E-4
2.6448E-3
4.5713E-3
1.4700E-3
2.3819E-3
3.5498E-3
1.2628E-3
4.0215E-4
1.9239E-3
1.4784E-3
3.5743E-3
1.7415E-3
3.3899E-3
3.0961E-3
-5.2106E-4
-3.3033E-4
-5.4240E-6
2.6309E-3
3.1970E-3
2.4572E-3
2.3469E-3
2.0003E-3
1.7933E-3
2.7808E-3
3.6842E-3
1.7853E-3
4.7841E-3
3.1027E-3
3.5161E-3
1.6693E-3
3.5191E-3
3.2472E-3
5.3076E-3
8.4579E-4
1.2152E-3
1.2189E-4
3.0468E-3
1.8048E-3
2.0177E-3
3.3094E-3
2.6954E-3
1.8357E-3
1.4220E-3
1.3528E-3
2.9355E-3
-4.6194E-4
2.5495E-3
2.2749E-3
2.7266E-3
1.5495E-3
3.0583E-3
2.3413E-3
9.0241E-4
2.1765E-3
2.7789E-3
2.6655E-3
1.1981E-5
2.8749E-3
3.5051E-3
2.5564E-3
2.8493E-3
2.6128E-3
3.8182E-3
1.5401E-3
2.1986E-3
-1.0161E-3
4.8637E-4
3.0728E-3
2.7376E-3
1.4784E-3
3.6334E-3
6.8153E-3
4.8299E-3
1.2354E-3
3.4571E-4
2.2614E-3
2.7202E-3
3.5263E-3
8.0395E-3
-4.7523E-4
4.4889E-3
2.4779E-3
3.2478E-3
2.6142E-3
2.7327E-3
2.5798E-3
2.4831E-3
2.5638E-3
1.3812E-3
1.6489E-3
8.9282E-4
5.0251E-3
3.1828E-3
2.9306E-3
3.2912E-3
2.5969E-3
3.0560E-3
6.5801E-3
2.7541E-3
1.4216E-4
2.0351E-3
3.2705E-3
5.7828E-4
1.2551E-3
3.2433E-3
3.1727E-3
2.5191E-3
2.7204E-3
2.4524E-3
5.8821E-3
4.2904E-3
3.0630E-3
2.4883E-3
3.2853E-3
3.5176E-3
1.8221E-3
2.7833E-3
2.4173E-3
1.7866E-3
3.9612E-3
1.0862E-3
7.9772E-3
1.1104E-4
2.9912E-3
1.5140E-3
1.1534E-3
1.4907E-3
1.4336E-3
2.3196E-3
3.4375E-3
3.4090E-3
3.4719E-3
7.2514E-3
2.4086E-3
2.8602E-3
3.4503E-3
1.6385E-3
2.3940E-3
3.1588E-3
2.0133E-3
5.9133E-3
2.1449E-3
2.7923E-3
4.1625E-3
3.5478E-3
1.8029E-3
2.3580E-3
9.2870E-4
3.4603E-3
3.0012E-3
9.9659E-4
2.5628E-3
1.9064E-3
3.4423E-3
7.5138E-4
3.2757E-3
2.6552E-3
7.4887E-3
9.0730E-4
3.7146E-4
3.3835E-3
3.4171E-3
8.6248E-5
3.2205E-3
1.4008E-3
5.5557E-4
2.4568E-3
1.8958E-3
1.3388E-3
9.4777E-4
3.9017E-3
3.1414E-3
2.0444E-3
2.6903E-3
3.5461E-3
8.3989E-4
4.9609E-4
2.7166E-3
1.6291E-3
3.4623E-3
3.1484E-3
1.9669E-3
3.3281E-3
4.3659E-3
3.2448E-3
2.9848E-3
-5.8204E-5
2.3344E-3
1.6347E-4
2.5164E-3
1.6779E-4
1.2315E-3
1.5334E-3
1.4971E-3
5.6720E-4
1.1761E-3
1.4797E-3
2.0052E-3
1.7230E-3
2.1178E-3
1.7971E-3
3.5982E-3
2.2004E-3
8.1062E-6
2.0261E-3
1.4838E-3
5.7822E-4
5.2925E-3
2.2258E-3
2.2095E-3
9.8574E-4
2.1783E-3
1.0487E-3
2.9912E-3
9.5588E-4
1.7231E-3
1.7835E-3
2.1524E-3
2.9162E-3
2.4255E-3
3.2851E-3
2.3630E-3
1.9356E-3
1.7531E-3
2.8845E-3
1.2022E-3
1.9934E-3
1.2856E-3
1.2882E-3
1.6988E-3
2.8687E-3
1.6444E-3
5.7356E-3
1.4254E-3
2.8036E-3
2.6284E-3
-3.1114E-5
3.9232E-3
2.9734E-3
1.7188E-3
1.5774E-4
5.5369E-3
1.2003E-3
1.4934E-3
2.5070E-4
4.9287E-4
2.5674E-3
5.9766E-4
2.0316E-3
2.2848E-3
1.5386E-3
1.9931E-3
2.8970E-3
2.0407E-3
6.2305E-4
1.0576E-3
5.0706E-4
2.2751E-3
1.4508E-3
2.4161E-3
-4.1562E-4
1.1722E-3
1.2878E-3
1.9904E-3
2.2959E-3
2.5324E-3
4.3875E-4
1.9825E-3
7.4565E-3
2.4362E-3
1.2993E-3
1.1995E-3
3.7564E-3
1.2592E-3
6.8152E-4
2.5759E-3
1.5269E-3
3.1074E-3
1.4802E-3
1.7802E-3
3.4192E-3
8.4406E-4
1.9820E-3
2.0922E-3
1.7525E-3
3.0138E-3
2.5333E-3
1.1321E-3
1.3835E-3
-5.8722E-4
2.8333E-3
1.7205E-3
2.7043E-3
2.7629E-3
2.3228E-3
1.7566E-3
9.4742E-4
9.9182E-5
2.6501E-3
1.9062E-4
1.2622E-3
2.1022E-3
2.4686E-3
2.0821E-3
1.9364E-3
1.5007E-3
9.2524E-4
1.6093E-3
2.2491E-3
6.0052E-4
2.9148E-3
2.4912E-3
5.6829E-3
2.5860E-3
5.7971E-3
7.3279E-3
2.4425E-3
2.6594E-3
3.9904E-3
3.1264E-3
5.7548E-4
2.8776E-3
3.1254E-3
1.6394E-3
1.8866E-3
2.0164E-4
-1.9723E-3
3.0419E-3
2.2201E-3
3.4654E-4
8.2451E-4
1.2154E-3
3.4763E-3
1.0263E-3
3.1219E-3
1.5898E-3
1.7672E-3
3.3280E-3
3.1887E-3
6.8330E-3
1.3910E-3
2.0269E-3
4.3294E-4
1.5212E-3
4.5148E-4
2.1529E-3
3.2671E-3
2.6209E-3
3.0868E-3
2.9083E-3
9.3204E-4
3.1947E-3
7.0596E-4
3.0541E-3
2.2662E-3
1.6805E-3
1.8506E-3
1.4958E-3
3.0146E-3
1.8130E-3
1.4656E-3
1.5747E-3
2.5229E-3
1.7473E-3
2.1911E-3
1.3713E-3
2.1990E-3
2.4393E-3
6.2907E-4
2.8616E-3
2.9793E-3
1.5862E-3
1.4106E-3
5.4002E-5
2.6185E-3
-1.7643E-5
3.1353E-3
1.1420E-3
1.2841E-3
1.9386E-3
8.3536E-4
2.6254E-3
3.9035E-4
1.3363E-4
2.8281E-3
2.4878E-3
2.1746E-3
1.8088E-3
7.3465E-3
1.7566E-3
2.9913E-3
3.8434E-3
1.8864E-3
2.8451E-3
4.3831E-3
2.4246E-3
1.9809E-3
2.0298E-3
2.9514E-3
2.8948E-3
2.8881E-3
1.0454E-3
2.6828E-3
2.2459E-3
7.3111E-4
2.5409E-3
1.4955E-4
7.4840E-4
3.8677E-4
4.4060E-4
3.1534E-3
2.8336E-4
3.3565E-3
1.5830E-3
1.1083E-3
1.6315E-3
3.1441E-3
2.6935E-3
2.9897E-3
3.9631E-4
-5.0724E-4
-9.9361E-5
3.5698E-3
3.0855E-3
2.5829E-3
2.1083E-3
2.1059E-3
2.5176E-3
1.6922E-3
7.1758E-4
3.4758E-3
3.3591E-3
1.7624E-3
-2.5618E-4
7.0614E-4
2.8312E-4
1.7805E-3
1.9805E-3
3.0923E-3
4.1023E-3
3.4063E-3
3.0623E-3
3.3059E-3
2.3161E-3
2.7273E-3
5.0729E-3
2.7145E-3
1.8921E-3
3.1903E-3
5.9703E-3
2.9890E-3
2.3072E-3
2.0345E-3
3.6353E-4
2.7368E-3
5.2547E-4
1.8533E-3
2.6823E-3
8.3387E-5
-6.4582E-4
-2.5153E-4
3.8487E-4
3.5757E-3
1.8362E-3
7.0822E-4
1.4957E-3
3.0243E-3
2.9910E-3
4.9555E-4
2.2385E-3
-2.4211E-4
-4.2909E-4
-7.7069E-4
-9.7626E-4
3.7385E-3
3.9454E-3
5.5845E-3
1.1557E-3
3.0848E-3
2.1874E-3
8.2511E-4
4.7808E-3
2.7652E-3
3.7825E-3
2.2145E-3
2.6172E-4
-1.7780E-4
-9.3472E-4
4.6927E-3
6.5053E-4
3.4593E-3
4.0833E-3
8.1420E-4
2.6653E-3
4.1952E-3
3.3969E-3
4.1878E-3
1.3283E-3
2.8794E-3
3.3060E-3
2.9923E-3
2.7285E-3
4.6879E-5
2.7938E-3
6.6978E-4
2.0731E-3
1.2684E-3
2.0667E-3
3.8144E-3
2.2270E-3
2.4280E-3
3.3113E-3
2.4640E-3
7.9054E-4
9.6262E-4
2.1733E-3
2.7881E-3
6.4355E-4
1.6356E-3
1.6729E-3
3.1379E-3
3.4600E-3
2.7190E-3
-3.0529E-4
6.6786E-3
-2.4414E-4
3.1174E-3
2.9300E-3
3.2700E-3
1.7403E-3
1.5413E-3
1.6869E-3
-3.2967E-4
1.2632E-3
4.0947E-3
6.2853E-4
4.5503E-3
6.7270E-4
2.1118E-3
1.1137E-3
4.3745E-3
2.9378E-3
1.0225E-3
3.9468E-3
3.7140E-3
1.9052E-3
3.5501E-3
2.9114E-3
2.3113E-3
3.4563E-3
2.7486E-3
2.9052E-3
-2.4229E-5
2.8646E-3
1.6497E-3
1.5746E-3
1.9732E-3
1.9602E-3
2.8297E-3
2.3419E-3
1.5774E-3
2.8855E-3
1.8911E-3
2.5786E-3
2.4776E-3
2.3798E-3
2.3617E-3
3.6088E-3
1.1606E-3
2.3522E-3
1.0592E-3
1.0912E-3
2.2204E-3
7.4100E-4
1.9074E-3
3.5078E-3
2.7032E-3
3.0503E-3
2.0689E-3
-3.5125E-4
4.9746E-4
8.1813E-4
1.3727E-4
6.9100E-4
2.9613E-3
5.7369E-4
8.1325E-4
1.5756E-3
2.6047E-3
2.8402E-3
4.5520E-4
2.8988E-3
3.0854E-3
3.0630E-3
1.8171E-3
6.8974E-3
4.2321E-3
2.9006E-3
7.0742E-3
2.3066E-3
4.8722E-3
1.6885E-3
2.2106E-3
3.4077E-3
2.4880E-3
1.5153E-3
2.9919E-3
1.3745E-3
1.0435E-3
1.8511E-3
1.9073E-3
1.6931E-3
3.1611E-3
7.8517E-4
1.4603E-3
1.8716E-3
-6.4969E-6
2.2739E-3
2.4253E-3
1.1503E-3
3.2203E-3
2.8162E-3
6.1005E-3
2.5904E-3
2.9696E-3
6.3937E-3
3.0871E-3
1.6900E-3
1.9298E-3
2.2551E-3
7.4675E-3
-1.3429E-4
4.0460E-4
2.1626E-3
4.0241E-3
6.1917E-4
1.7490E-3
1.9351E-3
2.1531E-3
2.9231E-3
3.4102E-3
-7.9095E-5
3.3352E-3
7.1645E-5
1.9122E-3
3.0280E-3
3.1132E-4
1.0833E-3
1.5119E-3
2.3431E-3
2.3619E-3
6.3713E-3
2.3087E-3
2.1503E-3
1.7272E-3
4.6614E-3
1.7852E-3
1.3381E-3
1.7006E-3
2.5853E-3
1.6068E-3
2.4384E-3
2.8578E-3
8.4221E-5
2.6481E-3
3.0476E-3
1.5731E-3
2.1346E-3
2.4518E-3
7.9852E-4
1.1945E-4
1.5602E-3
3.7372E-4
6.0598E-3
4.2343E-3
6.0993E-4
1.0412E-3
2.1839E-3
6.0916E-4
2.3957E-3
2.3223E-3
2.3409E-3
2.1219E-5
2.7934E-3
2.0806E-3
2.5748E-3
2.7369E-3
1.6868E-3
1.9823E-3
2.7839E-3
3.1862E-3
1.2033E-3
1.6224E-3
9.2399E-4
1.2532E-3
2.5775E-3
1.5541E-3
2.5243E-3
3.3969E-4
2.3577E-3
3.2614E-3
2.6342E-3
3.6058E-3
1.8448E-3
-1.9562E-4
2.7996E-3
3.0063E-3
2.7573E-3
6.9405E-3
2.1527E-3
2.6901E-3
1.4858E-3
2.2089E-3
2.7034E-3
6.9410E-4
2.3964E-3
2.8852E-3
1.7824E-3
5.5009E-4
5.4339E-3
6.2752E-4
6.4504E-3
8.7887E-4
1.8319E-3
3.1990E-3
1.3360E-3
2.7853E-3
1.9585E-3
2.4483E-3
2.2802E-3
2.9008E-3
1.9863E-3
2.7277E-3
2.9446E-3
6.1899E-4
3.4987E-3
1.0366E-3
1.9307E-3
3.9153E-3
1.2937E-3
1.4387E-3
9.5814E-4
1.9647E-3
2.4097E-3
-2.6208E-4
2.0308E-3
4.3013E-3
-5.8168E-4
5.9071E-3
1.7477E-3
8.4418E-4
3.0559E-3
4.3458E-4
1.1563E-5
3.3409E-3
4.4059E-3
2.8719E-3
3.8629E-3
7.0194E-3
3.0355E-3
-1.1677E-4
2.6715E-3
1.5826E-3
7.8297E-4
5.6124E-4
2.7198E-3
3.4777E-3
7.0834E-4
-9.7752E-5
2.7670E-3
6.3807E-3
2.3592E-3
2.6050E-3
2.3341E-3
2.6146E-3
2.9827E-3
1.3001E-3
3.0740E-3
2.0500E-3
1.7991E-3
5.7852E-4
2.0786E-3
2.5240E-3
4.1449E-4
2.4383E-3
2.2857E-3
7.2861E-4
1.6302E-3
3.3885E-4
3.5739E-3
2.0431E-3
9.1618E-4
3.8739E-3
3.7011E-3
2.9117E-3
3.9563E-3
1.8925E-3
1.9993E-3
1.7556E-3
1.1171E-3
2.5452E-3
2.3656E-3
2.8852E-3
3.5927E-3
3.7674E-3
4.1184E-3
3.0754E-3
4.7507E-3
6.0308E-4
4.5673E-3
7.7856E-4
3.2306E-3
1.8778E-3
1.0702E-3
2.6378E-3
2.5467E-3
2.5399E-3
2.9936E-3
1.7778E-3
2.2829E-3
2.8630E-3
2.1129E-3
2.1948E-3
2.8928E-3
8.7422E-4
2.9202E-3
4.5717E-4
6.3146E-3
3.6770E-3
2.2016E-3
3.7594E-3
3.7180E-3
1.9056E-3
1.1361E-4
3.1462E-3
3.3417E-3
3.0841E-3
7.3987E-4
3.5566E-3
3.4918E-3
2.3362E-3
1.3564E-3
2.4545E-3
2.1215E-3
2.3310E-3
1.4994E-3
6.1363E-4
3.6042E-3
2.4286E-3
8.8501E-4
2.6788E-3
3.6950E-3
8.8387E-3
2.1328E-3
4.0228E-3
2.9522E-3
2.6823E-3
4.7740E-3
3.9185E-3
3.8585E-3
2.9295E-3
2.3383E-3
1.5850E-3
2.2970E-3
1.1821E-3
1.5234E-3
1.5037E-3
2.3397E-3
1.9532E-3
8.2016E-5
1.4222E-3
1.8347E-3
3.9951E-3
2.6095E-3
5.8669E-4
1.5345E-3
1.9870E-3
1.9792E-3
1.7483E-3
1.5809E-3
2.2673E-3
2.2283E-3
2.7494E-3
3.1454E-3
2.6510E-3
7.9268E-4
1.2645E-3
2.2421E-3
1.5363E-3
1.9850E-3
2.3514E-3
3.9363E-4
2.3022E-3
1.9298E-3
4.3643E-3
1.1376E-3
3.6120E-5
2.7007E-3
1.3484E-3
2.6219E-3
9.0826E-4
1.7674E-3
3.7783E-4
2.2073E-3
-5.4204E-4
1.4253E-3
1.6725E-4
3.4343E-3
3.2153E-3
2.8770E-3
2.3646E-3
2.6664E-3
3.5012E-3
3.2088E-3
2.2106E-3
1.9708E-4
3.1562E-3
2.2471E-3
1.5302E-3
1.3208E-3
1.3863E-3
2.1275E-3
3.7557E-4
2.1592E-3
1.7703E-3
4.4864E-4
3.2477E-3
1.6017E-3
2.0390E-3
2.1645E-3
2.9726E-3
7.5078E-4
2.0531E-3
7.4941E-4
2.8371E-3
9.7233E-4
1.7315E-3
9.2590E-4
1.8710E-3
2.2671E-3
8.9061E-4
2.4891E-3
1.4573E-3
2.6909E-3
-1.7148E-4
1.5798E-3
2.5142E-3
1.2627E-3
2.2156E-3
1.3163E-3
2.8405E-3
2.3068E-3
2.5977E-3
6.9404E-4
2.9728E-3
7.5305E-4
3.1394E-3
2.1138E-3
2.9035E-3
2.5555E-3
2.8071E-3
7.1702E-3
7.4548E-4
5.5203E-3
1.8774E-3
2.9503E-3
1.9231E-3
2.7892E-3
2.6247E-3
5.9536E-4
2.6763E-3
1.7447E-3
4.0847E-4
1.4322E-3
2.6086E-3
2.8413E-3
1.6818E-3
3.2598E-3
9.4408E-4
1.9266E-3
2.3462E-3
2.9389E-3
2.2367E-3
9.0086E-4
2.2913E-3
1.5953E-3
1.4657E-3
1.5728E-3
8.1104E-4
4.8233E-3
5.4675E-4
5.0998E-4
1.9048E-3
2.0199E-3
1.8607E-3
2.9904E-3
2.7435E-3
-4.4703E-5
1.5186E-3
2.0379E-4
5.8460E-4
1.5938E-4
1.4209E-3
5.3483E-4
1.8599E-3
2.4921E-3
2.9019E-3
2.0664E-3
2.0491E-3
2.9237E-3
1.4883E-3
3.0404E-3
2.4223E-3
2.5108E-3
2.4049E-3
5.6469E-4
3.2911E-3
3.0859E-3
3.4504E-3
2.4075E-3
3.2852E-3
1.5582E-3
1.3786E-3
6.4084E-4
1.5609E-3
6.9608E-3
1.6208E-3
2.2863E-3
2.1048E-3
3.9339E-5
3.3073E-3
1.3489E-3
5.9551E-4
2.7179E-3
2.0826E-3
2.8648E-3
2.9602E-3
2.8705E-3
3.0538E-3
7.2317E-3
2.2452E-3
6.6996E-4
-7.7486E-6
2.8266E-3
2.1498E-3
3.0888E-3
2.8560E-3
1.7992E-3
2.3322E-3
2.2668E-3
7.4458E-4
2.1332E-3
3.2247E-3
1.5486E-3
3.0101E-3
1.6977E-3
-1.1039E-4
1.7923E-3
3.0815E-3
3.3414E-4
2.4217E-3
6.0663E-3
2.0413E-3
8.8507E-4
2.8272E-3
2.2513E-3
1.1335E-3
1.3838E-3
2.2269E-3
3.3841E-3
3.2646E-3
2.2751E-3
3.0857E-3
1.5615E-3
2.2332E-3
2.0129E-3
2.5541E-3
2.4852E-3
4.1479E-4
6.9922E-4
1.8101E-3
3.7565E-3
2.0448E-3
8.8018E-4
-3.8975E-4
3.5079E-3
2.3665E-3
4.1592E-4
4.2104E-3
1.1117E-3
-4.7326E-4
2.0784E-3
3.6752E-4
1.5516E-3
2.3373E-3
2.2141E-3
2.6088E-3
3.0546E-3
2.8242E-3
2.9607E-3
2.7086E-3
3.0606E-3
3.5775E-3
1.2463E-4
4.8702E-3
7.3195E-5
1.8568E-3
2.7766E-3
3.7242E-3
3.3299E-3
4.1118E-3
2.1669E-3
2.8669E-3
3.2604E-4
2.8165E-3
3.4831E-3
1.4554E-3
1.7371E-3
1.4911E-3
3.6901E-3
2.9973E-3
2.3318E-3
1.9551E-3
3.5870E-4
2.6476E-3
1.9687E-3
2.6276E-3
3.2731E-3
3.1490E-3
2.5327E-3
2.3103E-3
8.6766E-4
-1.9675E-4
3.8069E-3
2.1088E-3
3.1757E-3
3.8791E-4
2.1790E-3
9.3168E-4
5.2792E-4
1.5237E-3
2.2631E-3
2.3724E-3
3.9881E-4
-5.4803E-3
3.2235E-3
1.2649E-3
2.4671E-3
3.9315E-3
5.9944E-4
2.5977E-3
2.5694E-3
2.5972E-3
2.7940E-3
3.0867E-3
3.8356E-3
2.5443E-3
2.4397E-3
2.8352E-3
3.5353E-3
1.0294E-4
3.1306E-3
3.3330E-3
3.7251E-3
2.3568E-3
3.1853E-3
2.3190E-3
3.7255E-3
4.0577E-3
2.5811E-3
4.0984E-3
3.4412E-3
2.3195E-3
2.9332E-3
2.0768E-3
3.3920E-3
3.7333E-3
3.3311E-3
1.3079E-3
2.7217E-3
3.3539E-3
2.2393E-4
2.0072E-3
6.5293E-3
-3.4219E-4
5.5563E-4
3.5878E-3
2.1533E-3
1.0995E-3
6.4812E-3
2.1719E-3
1.6451E-4
3.8797E-4
1.6903E-3
2.1901E-3
2.5655E-3
2.5944E-3
3.9175E-3
2.2138E-3
2.9302E-3
1.5511E-3
2.0086E-3
4.0710E-3
3.7107E-3
2.2733E-3
1.9354E-3
1.1865E-3
2.1883E-3
3.2715E-3
2.5514E-3
8.2080E-3
6.5225E-4
3.0037E-3
5.4926E-4
-4.2152E-4
3.4142E-3
2.4824E-3
2.7404E-3
3.1464E-3
9.8592E-4
2.8322E-3
4.1658E-4
4.1212E-3
-2.1464E-4
2.9271E-3
1.4971E-3
1.7880E-3
5.4884E-4
1.7942E-3
1.9105E-3
2.6269E-3
9.8762E-4
1.7931E-3
2.1222E-3
3.1012E-4
4.1834E-3
1.8811E-3
1.2129E-3
2.0463E-3
2.2556E-3
1.8519E-3
6.9869E-4
1.9094E-3
1.9208E-3
-6.1655E-4
8.9377E-4
7.3117E-4
4.8906E-4
2.6844E-3
2.2181E-3
2.8639E-3
1.1671E-3
1.4237E-3
2.0406E-3
1.6580E-3
1.5159E-3
2.6113E-3
1.9918E-3
3.4481E-4
2.6861E-3
1.0641E-3
1.7518E-3
2.4579E-3
1.5700E-3
1.1699E-3
2.7124E-3
2.3990E-3
5.5909E-4
2.1609E-3
5.9569E-4
1.3735E-3
1.0804E-3
2.5252E-3
2.8403E-3
5.2363E-3
2.9481E-3
2.6905E-3
2.1879E-3
2.1143E-3
2.5317E-3
2.6768E-4
1.8371E-3
1.7968E-3
3.3520E-3
5.2851E-4
9.7871E-4
1.1081E-3
1.2875E-3
1.5611E-3
3.6263E-3
2.7295E-3
2.1297E-4
6.1834E-4
3.8947E-3
9.0301E-4
-2.9564E-5
2.4188E-4
2.2699E-3
5.5730E-5
1.8506E-3
2.3004E-3
3.0075E-3
1.5940E-3
2.8921E-3
3.4301E-3
2.7776E-3
1.4111E-3
1.8551E-3
2.9127E-3
1.4531E-3
3.0187E-3
1.7268E-3
2.3226E-3
6.2293E-4
2.0561E-3
3.3292E-3
1.5940E-3
2.4499E-3
2.5721E-3
1.1618E-3
9.2936E-4
1.5962E-3
2.5930E-3
2.2431E-3
2.5830E-3
3.5515E-3
3.0624E-3
8.2052E-4
2.2117E-3
3.1756E-3
2.9925E-3
-2.3052E-4
5.8275E-4
2.6967E-3
1.6255E-3
2.1075E-3
2.2253E-3
1.8499E-3
3.0065E-4
2.1412E-3
2.5846E-3
1.6380E-3
1.4659E-3
2.5213E-3
9.2924E-4
2.2367E-3
1.5998E-4
2.8511E-3
4.6743E-3
3.5718E-3
2.0574E-3
2.2245E-3
2.3783E-3
2.2581E-3
1.7166E-3
2.7201E-3
1.3371E-3
1.3571E-3
2.5879E-3
1.6613E-3
3.1347E-3
3.0514E-3
2.5762E-3
2.7694E-3
3.2597E-3
2.7013E-4
2.9821E-3
7.3653E-4
2.7732E-3
2.8330E-3
2.1635E-3
2.6433E-3
3.3062E-3
2.0710E-3
-3.8803E-5
1.1746E-3
3.2890E-3
1.9403E-3
2.5077E-3
6.4725E-4
1.8419E-3
2.9023E-3
-9.7096E-5
2.1787E-3
7.3174E-4
2.3432E-3
3.2216E-3
2.4896E-3
1.0081E-3
1.5124E-3
3.8763E-3
1.7616E-3
2.3174E-3
2.7174E-3
1.2562E-3
1.4097E-3
1.4145E-3
5.8794E-4
1.6555E-3
2.0486E-3
3.5870E-4
2.4887E-3
2.3029E-3
3.9814E-3
2.6709E-3
2.6813E-3
1.7771E-3
6.9219E-4
1.3456E-3
2.9945E-3
2.4818E-3
1.8113E-3
2.9740E-3
3.1300E-3
1.2514E-3
6.6161E-3
3.2002E-3
3.5140E-3
4.5556E-4
2.4944E-3
2.1802E-3
2.6290E-3
3.4894E-3
3.2249E-3
3.3278E-3
3.8912E-3
2.8659E-3
2.3019E-3
7.7020E-3
7.7029E-3
2.0261E-3
2.0444E-3
2.4611E-3
2.4598E-3
2.9505E-3
2.3755E-3
7.4721E-3
7.9632E-4
5.8266E-3
2.6541E-3
4.6021E-3
2.4378E-3
3.5259E-3
2.3825E-3
2.3656E-3
2.5977E-3
2.3313E-3
3.5238E-4
2.4905E-3
2.1809E-3
2.2792E-3
2.8427E-3
2.7451E-3
2.1237E-3
3.1372E-3
2.8885E-3
-8.5652E-5
1.1180E-3
2.2388E-4
1.8268E-3
1.2394E-3
7.2485E-4
2.1079E-3
2.9064E-3
2.7770E-3
2.5458E-3
3.6754E-3
2.7258E-3
5.5552E-4
3.0990E-3
3.4181E-3
3.8539E-3
2.8675E-3
3.4533E-3
4.1898E-3
2.5368E-3
3.0199E-3
3.6665E-3
3.5992E-3
1.2447E-3
3.7217E-3
1.7477E-3
2.5913E-3
2.6516E-3
3.3092E-3
3.6527E-3
6.5947E-4
4.2204E-3
2.6098E-3
2.9217E-3
1.8879E-3
6.3923E-3
1.5916E-3
2.6128E-3
3.5680E-3
2.1025E-3
3.0111E-3
3.8514E-3
3.3543E-3
3.4696E-3
2.7592E-3
2.6309E-3
1.2520E-3
2.7728E-3
7.5763E-4
2.6729E-3
2.6284E-3
1.8244E-3
4.7511E-4
-5.6404E-4
5.7012E-4
1.5575E-4
3.3048E-3
3.2651E-3
3.7080E-3
6.5503E-3
3.0882E-3
3.2408E-3
7.9057E-3
2.9827E-3
3.1422E-3
2.3362E-3
3.1093E-3
8.8102E-4
1.7801E-3
3.5093E-3
3.0957E-3
1.7335E-3
2.6711E-3
2.9909E-3
1.0709E-3
3.4102E-3
9.5689E-4
3.4698E-3
3.8404E-3
7.7604E-3
9.0581E-4
2.7414E-3
-4.1357E-4
9.1523E-4
6.4173E-4
2.0377E-3
1.1017E-3
1.5090E-3
1.0785E-3
-7.7134E-4
2.4962E-3
2.2622E-3
1.1562E-3
3.8522E-4
-5.9050E-4
-2.3949E-4
7.9924E-4
4.2696E-3
2.5994E-3
1.3420E-3
2.7766E-3
1.1450E-3
1.4035E-3
4.6641E-4
1.8127E-3
2.2020E-3
2.2349E-3
1.9133E-5
2.2125E-4
4.1181E-4
-1.6552E-4
1.8543E-4
2.6736E-3
2.0935E-3
2.8946E-3
6.4967E-3
2.4664E-3
6.6562E-3
1.6688E-3
6.6822E-3
2.8196E-3
1.6093E-6
1.1070E-3
9.1946E-4
2.5151E-3
1.9483E-3
2.5350E-3
2.1027E-3
4.5407E-4
3.4943E-3
1.7019E-3
8.2511E-4
1.1392E-3
3.8880E-4
6.8608E-4
5.6475E-4
1.0836E-3
1.8218E-4
1.4514E-3
1.5469E-3
1.1485E-3
2.5260E-3
1.9438E-3
2.1654E-3
1.7591E-3
7.4643E-4
-1.0335E-4
-1.1557E-4
9.1416E-4
2.5286E-3
2.7058E-3
7.8946E-4
2.6691E-3
9.8288E-4
5.4185E-3
2.6010E-3
2.5424E-3
3.0808E-3
1.2271E-3
7.4357E-4
6.2424E-4
-3.0291E-4
-5.1224E-4
3.2605E-3
3.0295E-3
1.6266E-3
6.3933E-3
1.9937E-3
2.4500E-3
2.1331E-3
2.2408E-3
2.9827E-3
3.0137E-3
2.8026E-4
5.0211E-4
3.9113E-4
2.5104E-3
1.0867E-3
6.4309E-3
2.9765E-3
2.4788E-3
4.7275E-3
2.5793E-3
1.2843E-3
7.1287E-4
1.3447E-3
3.7354E-4
1.3391E-3
1.2233E-3
2.1073E-3
2.0287E-3
2.7043E-3
2.8695E-3
1.7142E-4
1.5016E-3
9.5665E-4
3.1140E-3
2.9345E-3
3.8642E-3
3.0203E-3
2.3153E-3
6.0538E-3
1.8295E-3
1.6789E-3
3.1882E-3
2.1254E-3
1.4172E-3
2.6690E-3
2.1925E-3
3.3829E-3
2.5391E-3
-1.4228E-4
-3.9935E-4
2.5084E-3
3.1587E-3
2.8358E-3
2.8780E-3
2.1871E-3
2.1657E-3
2.6290E-3
9.3806E-4
3.0523E-3
1.1713E-3
3.8099E-4
4.2788E-3
2.7921E-3
1.2898E-3
1.7278E-3
1.7315E-4
6.6857E-3
1.0716E-3
-1.1176E-4
2.5533E-3
1.1550E-3
2.7633E-3
1.3884E-3
9.0522E-4
1.2944E-3
1.8775E-3
2.2666E-3
1.6828E-3
7.0795E-4
2.7475E-3
1.0399E-3
1.0303E-3
1.2156E-3
2.6248E-3
2.8233E-3
2.5442E-3
9.8801E-4
2.2538E-3
-9.0182E-5
9.9105E-4
2.4498E-3
7.1748E-3
2.6122E-3
3.3039E-3
2.3965E-3
1.4925E-4
1.4087E-3
2.9233E-3
2.4542E-3
2.3391E-3
2.8277E-3
7.9072E-4
-2.6011E-4
2.0808E-4
-6.8176E-4
-4.0895E-4
2.7583E-3
1.2562E-3
7.0947E-4
3.8190E-3
3.2381E-3
2.0785E-3
2.9114E-3
2.7369E-3
8.2302E-4
3.3012E-3
2.9100E-3
2.5536E-3
2.8654E-3
4.8255E-3
2.0934E-3
9.3234E-4
3.8841E-3
1.2850E-3
2.8958E-3
3.7738E-3
3.0522E-3
4.1216E-3
2.4503E-3
3.0738E-3
1.3439E-3
2.9651E-3
3.7928E-3
2.5212E-3
1.3304E-3
2.7546E-3
-3.4332E-5
1.0408E-3
3.9623E-3
2.5734E-3
2.8791E-3
4.0336E-3
2.0993E-3
3.2892E-3
2.5781E-3
1.0353E-4
1.1495E-3
3.0016E-3
2.9714E-3
2.9756E-3
4.1769E-3
2.3567E-3
3.5102E-3
3.3560E-3
1.2493E-4
4.2075E-4
-5.4950E-4
2.2526E-3
1.3526E-3
1.1774E-3
1.0784E-3
2.4390E-3
1.6390E-3
1.2606E-3
2.4620E-3
6.1327E-4
-6.6042E-5
3.0501E-3
9.0474E-4
2.1663E-3
2.9778E-3
2.7674E-3
1.6826E-3
1.6176E-3
9.4366E-4
3.5205E-3
1.2096E-3
8.9047E-3
2.9848E-3
2.4828E-3
3.5357E-3
9.4414E-4
3.0501E-3
3.0368E-3
3.2198E-3
2.6901E-3
1.6806E-3
2.7707E-3
1.2977E-3
2.5847E-3
7.5454E-4
3.9840E-3
1.8684E-3
2.1812E-3
3.4795E-3
2.8902E-3
1.3081E-3
3.1592E-3
2.6041E-3
9.1392E-4
3.5914E-3
1.8870E-3
1.6860E-3
1.0930E-3
2.1024E-3
1.9827E-3
2.4965E-3
1.0018E-3
3.1226E-3
3.4543E-3
3.5888E-4
8.5384E-4
2.8610E-3
5.6273E-4
2.1553E-3
2.4952E-3
2.1978E-3
3.1961E-3
2.5590E-3
1.9846E-3
2.4744E-3
4.8482E-3
9.3037E-4
7.0774E-3
3.6713E-3
4.0410E-3
4.3498E-3
7.5846E-3
3.4130E-3
3.6643E-3
3.8826E-3
1.2164E-3
1.6413E-3
4.8441E-4
2.1560E-3
5.6008E-4
1.6845E-3
1.5513E-3
2.2537E-4
5.0545E-3
4.7696E-4
6.3157E-4
1.6308E-3
1.0350E-3
8.1736E-4
1.0540E-3
2.0945E-3
9.4229E-4
1.6146E-3
2.0982E-3
1.7422E-3
8.5324E-4
2.5185E-3
1.3563E-3
1.0501E-3
1.6742E-3
1.4496E-4
2.4490E-3
1.0071E-3
1.6009E-3
2.3444E-3
1.4473E-3
1.6981E-3
1.9509E-3
5.0961E-3
1.3618E-3
2.0386E-3
5.2130E-4
1.6536E-3
-3.6591E-4
1.2285E-4
2.1981E-3
2.3967E-4
9.7275E-4
2.0832E-4
3.0457E-3
1.8750E-3
1.3856E-3
-4.3631E-5
2.0983E-3
3.0537E-3
1.6993E-4
5.4267E-3
2.9519E-3
2.9387E-3
2.5813E-3
5.2318E-4
2.4674E-3
1.5322E-3
8.7208E-4
1.8169E-3
2.6208E-3
1.5723E-3
2.2049E-3
1.1055E-3
1.0009E-3
1.8629E-3
1.2985E-3
2.5038E-3
2.7394E-3
2.1418E-3
1.1707E-3
2.0468E-4
2.1763E-3
2.0855E-3
2.3981E-3
3.1063E-3
2.7131E-3
3.1868E-3
2.5349E-3
1.8840E-3
3.4257E-3
2.2676E-3
3.1108E-3
1.7080E-3
-4.7249E-4
1.2555E-3
2.5366E-3
4.9382E-4
2.3115E-3
2.5848E-3
2.5483E-3
2.5048E-3
2.8250E-3
2.8394E-3
2.9228E-3
3.4130E-4
1.8347E-3
2.7112E-3
2.3558E-3
1.9583E-3
1.8918E-3
3.9242E-3
2.3293E-4
2.2867E-3
2.3483E-3
1.6714E-3
9.1103E-4
2.2189E-3
2.3050E-3
-8.6069E-5
1.3357E-3
2.2265E-3
2.8135E-3
2.8330E-4
1.9476E-3
2.5472E-3
2.5144E-3
1.7211E-3
3.2042E-3
2.6240E-3
1.5285E-3
2.1018E-3
1.7170E-3
1.7847E-3
2.1949E-3
1.3026E-3
2.1404E-4
3.1028E-3
2.5289E-3
2.2116E-3
6.3835E-3
1.5682E-3
6.2429E-3
2.4548E-3
1.6119E-3
2.2600E-3
2.4462E-3
3.7528E-3
3.0052E-3
2.2764E-3
2.3988E-3
1.9650E-3
1.9835E-3
2.2618E-3
1.3571E-3
3.3057E-3
2.5468E-3
-1.2559E-4
2.6274E-3
2.4767E-3
3.1750E-3
2.9311E-3
4.4388E-4
3.3439E-3
1.6475E-3
6.2405E-3
-4.2060E-4
2.8432E-3
2.7070E-3
2.5605E-3
3.3007E-3
2.2967E-3
3.1274E-3
1.2271E-3
5.5540E-4
1.1945E-3
1.7657E-3
2.4023E-3
2.6586E-3
2.6234E-3
3.1863E-3
3.7311E-3
6.6245E-4
7.8171E-4
6.7592E-3
5.9983E-3
5.7483E-4
2.6911E-3
2.9266E-3
3.7244E-3
7.1831E-3
2.7025E-3
3.3417E-3
1.6019E-3
2.5453E-3
2.3667E-3
3.2031E-3
3.3280E-3
2.6994E-3
2.0677E-3
2.6906E-3
2.3735E-3
1.7128E-3
2.1754E-3
1.6426E-3
2.0079E-3
1.2763E-3
1.7576E-3
2.0866E-3
2.0500E-3
1.1526E-3
2.2997E-3
2.9879E-3
3.4733E-3
2.3924E-3
3.1342E-3
3.5015E-3
1.7033E-3
2.3838E-3
2.9055E-3
3.2291E-3
4.1484E-3
1.7745E-3
2.7441E-3
7.8315E-4
1.6233E-3
4.6670E-3
2.7398E-3
2.8229E-3
2.0940E-3
1.3164E-3
1.3593E-3
2.8845E-3
2.6814E-3
7.1114E-4
9.8377E-4
1.9462E-3
2.9805E-3
2.6968E-3
2.3165E-3
2.6610E-3
1.0854E-3
2.0896E-3
2.3347E-3
2.0214E-3
2.0460E-3
2.2640E-3
1.9279E-3
2.8465E-3
9.3377E-4
3.2519E-3
3.3255E-3
7.0999E-3
8.7392E-4
2.4424E-3
2.5269E-3
2.2500E-3
2.5023E-3
7.4857E-3
2.0840E-3
3.2457E-3
2.1324E-3
2.9891E-3
3.7330E-3
-3.6430E-4
2.1622E-3
1.8404E-3
1.4717E-3
2.0967E-3
2.1484E-3
3.1003E-3
3.0543E-3
3.2585E-3
1.8346E-3
2.0037E-3
2.7386E-3
3.3101E-3
2.1560E-3
1.5460E-3
6.6249E-3
3.2828E-3
9.3949E-4
5.8671E-3
2.7988E-3
2.3251E-3
2.4848E-3
1.8520E-3
5.6201E-4
2.1619E-3
2.7106E-3
8.0931E-4
1.2361E-3
2.5973E-3
6.5548E-3
7.3161E-3
9.1010E-4
3.9707E-3
2.3384E-3
8.2767E-4
2.0734E-3
3.6860E-3
2.8864E-3
2.9495E-3
1.3428E-3
1.2499E-4
2.4054E-3
2.9711E-3
2.4721E-3
2.6082E-3
1.7710E-3
5.8460E-4
2.2441E-3
3.4699E-3
1.3373E-3
3.0615E-3
3.1922E-3
2.3335E-3
2.7138E-3
1.2487E-3
4.0286E-3
1.6329E-3
3.5838E-3
2.9067E-3
3.3149E-4
2.5249E-3
5.1013E-4
2.1186E-3
1.7601E-4
7.7280E-4
3.1315E-3
2.5100E-3
5.8330E-3
1.8542E-3
2.1354E-3
2.4948E-3
4.0954E-4
5.6612E-4
2.4612E-3
3.1461E-3
-1.2803E-4
2.3827E-3
2.9020E-3
2.9408E-3
2.8792E-3
1.0459E-3
1.6757E-3
2.3361E-3
2.9555E-3
2.3955E-3
2.2943E-3
3.2115E-4
2.9721E-3
3.0042E-3
6.2412E-4
3.0531E-3
6.8337E-4
3.0327E-3
2.9887E-3
2.7181E-3
1.7989E-3
3.0106E-3
8.3578E-4
2.8607E-3
2.6947E-3
3.6615E-3
3.1369E-3
2.2423E-3
3.1015E-3
3.3457E-3
3.0116E-3
3.9600E-3
3.1336E-3
3.4685E-3
3.5446E-3
1.9729E-3
1.8308E-3
2.5896E-3
2.1937E-3
9.6416E-4
1.9251E-3
1.8961E-3
2.2475E-3
5.0532E-3
1.9372E-3
1.4538E-4
1.2279E-3
1.5978E-3
1.1075E-3
1.5478E-3
1.6751E-3
1.4864E-3
1.9366E-3
2.0134E-3
7.2026E-4
1.5534E-3
1.5081E-3
3.4487E-4
4.5556E-3
1.7924E-3
1.4383E-3
5.5751E-3
1.2743E-3
7.3869E-3
1.9597E-3
3.8394E-3
5.2677E-3
1.2274E-3
1.5656E-3
2.5377E-3
5.4836E-4
4.8137E-3
2.1026E-3
2.5529E-3
2.5497E-3
1.9352E-3
2.0746E-3
2.5857E-3
1.5070E-3
2.5030E-3
2.3131E-3
4.7066E-3
2.6534E-3
6.4290E-4
2.5812E-3
2.6442E-3
2.4449E-3
2.3123E-3
2.0428E-3
5.4113E-3
4.6486E-4
2.2806E-3
1.5249E-3
3.0024E-3
3.0017E-4
1.1094E-3
1.9591E-3
1.1180E-3
1.0749E-3
2.0609E-3
2.1493E-3
1.9063E-3
1.1925E-3
2.9764E-3
1.8830E-3
2.0712E-3
1.0979E-3
2.4655E-3
2.5299E-3
2.9365E-3
1.9780E-3
1.3406E-3
2.9429E-3
-5.3459E-4
2.1665E-3
2.0001E-2
2.5840E-3
2.2494E-3
9.0909E-4
2.2726E-3
8.5866E-4
3.1422E-3
2.8832E-3
2.7463E-3
2.2178E-3
1.9957E-3
1.4636E-3
3.7444E-3
1.6219E-3
6.1363E-4
2.8914E-3
1.9826E-3
1.0637E-3
5.2304E-3
1.0440E-3
1.8920E-3
2.4146E-3
2.0924E-3
4.4326E-3
4.2099E-4
2.2594E-3
3.1414E-3
2.2661E-3
5.8347E-4
5.3893E-3
5.1817E-3
3.2146E-3
2.0466E-3
1.7220E-3
2.5286E-3
2.0212E-4
1.3188E-3
2.2818E-3
1.4532E-3
1.0173E-3
8.0806E-4
2.6085E-3
2.3964E-3
1.3856E-3
3.0676E-3
5.5753E-3
3.4801E-3
5.6483E-3
2.7906E-3
5.9175E-4
2.5020E-3
2.1541E-3
2.2599E-3
3.0354E-3
5.8848E-4
2.2530E-3
-4.8476E-4
5.9899E-3
2.7033E-3
1.8455E-3
2.5706E-3
3.1034E-3
2.5247E-3
2.9073E-3
2.2576E-3
2.7125E-3
3.7584E-3
3.3284E-3
3.3889E-3
2.1089E-3
3.1106E-3
1.3503E-3
3.9621E-3
7.8897E-3
3.8157E-3
2.9088E-3
5.8100E-3
2.4341E-3
5.6469E-3
3.6714E-3
1.0321E-3
2.6657E-3
2.8561E-3
2.6839E-3
6.8160E-3
2.3435E-3
2.8538E-3
3.2171E-3
1.0875E-3
2.7337E-3
1.6036E-3
2.4518E-3
1.8806E-3
2.5752E-3
1.9604E-3
2.5532E-3
1.2444E-3
3.3311E-3
4.7085E-3
2.3641E-3
2.8738E-3
2.2916E-3
1.8332E-3
2.6264E-3
1.3453E-3
1.1713E-3
-4.4107E-6
7.1858E-3
9.7394E-5
7.7534E-4
2.8805E-3
7.0275E-3
3.0565E-4
2.0653E-3
3.0356E-3
2.8285E-3
1.6292E-3
2.2445E-3
1.3638E-3
2.4717E-3
3.2399E-3
3.3956E-3
3.5494E-3
3.5718E-3
3.8499E-3
2.8557E-3
2.5765E-3
4.1893E-3
2.9457E-3
1.4269E-3
2.9804E-3
1.5723E-3
2.6269E-3
7.2530E-3
3.1662E-3
2.3592E-3
3.1067E-3
1.9832E-3
1.7325E-3
3.0120E-3
2.3717E-3
6.3504E-3
8.6725E-4
2.6935E-3
2.5813E-3
6.9330E-3
1.0840E-3
2.3994E-3
2.6848E-3
2.7539E-3
2.7331E-3
1.6431E-3
3.4319E-3
3.0036E-3
3.1264E-3
8.9717E-4
2.9248E-3
2.5288E-3
1.2615E-3
2.8605E-3
2.3183E-3
1.2096E-3
2.7806E-3
-5.1081E-4
-1.0204E-4
8.4203E-4
3.5115E-3
1.9777E-4
-1.0145E-4
2.8626E-3
3.3255E-3
2.4584E-3
2.2867E-3
1.5163E-3
7.8142E-4
3.5763E-3
6.9056E-3
5.3237E-3
9.0241E-4
1.7113E-3
2.9624E-3
1.3478E-3
2.8931E-3
1.8537E-3
2.7266E-3
1.9942E-3
1.7747E-3
3.3863E-3
3.1267E-3
1.5789E-3
1.6121E-3
2.8033E-3
3.1486E-3
1.3559E-3
3.0966E-3
5.4562E-4
2.4133E-3
2.7556E-3
5.9187E-4
3.1438E-3
7.3779E-4
7.1843E-3
1.5062E-3
2.9730E-3
1.5640E-3
1.8970E-3
2.1839E-3
2.9559E-3
3.0890E-3
4.0151E-3
3.1788E-3
2.9509E-3
2.6245E-3
3.3811E-3
2.0394E-3
2.3746E-3
5.7739E-4
3.0006E-3
2.1887E-3
1.2604E-3
3.6305E-3
2.9261E-3
3.4125E-3
3.4506E-3
1.6082E-3
4.2151E-3
3.4366E-3
3.0923E-3
4.7555E-3
2.2531E-4
3.9587E-3
3.6837E-3
1.3892E-3
2.5141E-3
1.6842E-3
1.9811E-3
1.8373E-3
2.6433E-3
1.5974E-3
1.0113E-3
2.3453E-3
1.6957E-3
2.7042E-3
5.1737E-5
1.7196E-3
1.6325E-3
1.5911E-3
-2.3580E-4
1.4000E-3
1.8135E-3
1.6897E-3
1.8206E-3
2.3333E-3
5.4436E-3
1.9575E-3
1.7970E-3
-9.7948E-4
2.3377E-3
-9.8693E-4
5.7268E-3
2.4151E-3
1.2176E-3
2.2693E-3
1.7236E-3
2.5707E-3
2.7868E-3
5.4270E-4
5.4818E-4
9.8562E-4
1.5747E-3
8.8573E-4
5.8645E-4
3.0122E-3
2.0296E-3
2.8662E-3
1.1834E-3
2.0736E-3
1.9674E-3
2.7074E-3
2.2504E-3
2.3836E-3
1.5599E-4
2.4077E-3
2.6042E-3
2.2048E-3
1.9468E-3
3.3887E-3
5.5541E-3
5.5358E-4
2.9412E-3
4.3782E-3
2.5312E-3
2.2633E-3
1.2276E-3
2.2055E-3
2.9365E-3
1.6184E-3
1.9274E-3
1.4120E-3
2.3698E-3
5.4310E-3
1.6841E-3
2.8629E-3
1.9175E-3
3.2718E-3
1.2021E-3
1.8577E-3
2.6810E-3
6.5146E-3
2.0220E-3
3.1173E-3
3.0958E-3
-1.0276E-2
2.2639E-3
2.2554E-3
2.8690E-3
2.0257E-3
1.4436E-3
1.2945E-3
2.5708E-3
2.4492E-3
3.2063E-3
2.8459E-3
2.2027E-3
1.4639E-3
1.1450E-3
2.4547E-3
2.8505E-3
3.8884E-3
1.1757E-3
2.6471E-3
2.4521E-3
6.0186E-3
3.0636E-3
2.8056E-3
2.9218E-3
2.6012E-3
5.5134E-5
2.9531E-4
5.8924E-3
1.6547E-3
2.6773E-3
2.9763E-3
3.5077E-4
2.8431E-3
2.9714E-3
1.1269E-3
2.9280E-3
9.4694E-4
8.9699E-4
6.7072E-3
2.2203E-3
2.1556E-3
1.8337E-3
2.8662E-3
2.5217E-3
2.2789E-3
1.6999E-3
4.7349E-3
2.4098E-3
2.4647E-3
2.2619E-3
2.5244E-3
2.9518E-3
-1.0580E-2
9.0200E-4
4.0120E-4
1.9715E-3
1.4278E-3
1.3386E-3
2.4925E-3
1.9268E-3
2.8919E-3
2.1140E-3
2.8281E-3
2.6870E-3
1.5316E-3
2.6987E-3
2.3188E-3
1.7668E-3
2.0705E-3
4.1028E-3
2.7785E-3
3.4167E-3
2.0266E-3
3.8496E-3
3.4438E-3
2.4760E-3
3.0930E-3
3.3743E-3
2.8080E-3
2.6818E-3
1.7121E-3
3.2821E-3
2.6882E-3
3.0637E-3
1.7801E-3
1.0115E-3
1.1144E-3
3.2827E-3
1.5265E-4
3.4189E-4
9.8228E-5
2.3158E-3
6.8241E-4
3.0500E-3
6.3312E-4
3.2574E-4
1.5784E-3
3.5450E-3
3.0280E-3
5.7381E-4
1.1517E-3
1.6785E-4
2.8849E-4
9.1791E-5
2.5858E-3
2.3752E-3
2.7441E-3
2.4860E-3
2.8000E-3
6.2627E-3
8.9669E-4
1.9158E-3
3.9852E-3
2.4887E-3
2.8096E-3
-3.5942E-5
6.4135E-4
2.3258E-4
3.0338E-3
3.0355E-3
2.9417E-3
1.9953E-3
7.9315E-3
2.9076E-3
2.5479E-3
7.1220E-3
1.1545E-3
1.4029E-3
3.4352E-3
9.2083E-4
3.3121E-3
3.3723E-3
3.2553E-3
2.7523E-3
2.7717E-3
2.6470E-3
2.1389E-3
2.7417E-3
1.4329E-3
8.2588E-4
1.1164E-4
2.9469E-4
3.3915E-5
2.0934E-3
2.5884E-3
4.0063E-3
2.7353E-3
2.4273E-3
1.3790E-3
2.9969E-3
3.3270E-3
1.8106E-3
3.1813E-3
-1.1677E-4
-7.3791E-5
-7.2289E-4
5.7274E-4
6.9636E-4
3.2403E-3
1.8889E-3
3.9041E-5
1.5647E-3
2.9677E-3
1.5574E-3
3.3616E-3
3.3953E-3
3.0398E-3
4.4179E-4
7.1526E-5
5.5414E-4
2.7804E-3
3.6285E-3
2.9528E-3
3.6933E-3
4.2009E-3
4.4447E-3
4.4213E-3
2.4193E-3
3.5350E-3
2.4990E-3
2.6312E-3
2.8670E-3
1.1149E-3
3.5885E-3
1.9423E-3
2.7346E-3
3.3758E-3
5.3359E-3
1.6132E-3
3.2873E-3
1.4842E-3
2.7153E-3
2.5600E-3
1.1483E-3
2.0593E-3
2.1553E-3
3.4676E-3
7.1275E-3
2.8442E-3
1.6340E-3
2.7269E-3
3.1855E-3
2.8796E-3
3.1893E-3
9.1726E-4
3.5985E-3
6.9056E-3
2.5291E-3
2.5051E-3
2.6579E-3
5.9950E-4
2.8890E-3
9.2894E-4
1.4347E-3
2.8642E-3
4.2691E-3
2.3267E-3
7.1284E-3
3.5170E-3
3.4089E-3
3.3872E-3
1.4867E-3
2.7481E-3
3.0252E-3
5.3549E-4
3.6280E-3
1.3193E-3
4.2093E-3
1.7278E-3
2.8795E-3
1.5760E-3
5.7906E-4
2.2773E-3
2.3016E-3
2.7742E-3
2.3579E-3
2.7241E-3
7.7093E-4
3.0552E-3
6.3158E-3
2.9879E-3
1.4915E-3
1.6360E-3
2.8561E-3
2.9260E-3
9.2208E-4
2.0284E-3
2.3193E-3
1.7099E-3
2.5129E-3
2.7120E-3
2.8420E-3
-6.9737E-6
2.3637E-3
3.3131E-3
1.7589E-3
3.2619E-3
2.1219E-3
2.9463E-4
1.0409E-3
2.9523E-3
2.7000E-3
2.6226E-4
2.5587E-3
2.0237E-3
1.8737E-3
3.6027E-3
2.2861E-3
1.5627E-3
5.3902E-3
3.1093E-3
3.6798E-3
4.4214E-3
6.8164E-4
3.9910E-3
4.0502E-3
3.4494E-3
3.5535E-3
1.4612E-3
4.2778E-3
3.7001E-3
4.8022E-3
8.2543E-3
6.8700E-4
3.8894E-3
3.2591E-3
2.4211E-3
5.8627E-4
1.5109E-3
2.8442E-3
2.1470E-3
-3.4875E-4
2.8802E-3
9.8479E-4
1.0311E-3
1.7481E-3
8.9544E-4
2.1113E-3
1.8245E-3
3.3156E-3
1.7729E-3
2.4545E-3
2.3547E-3
2.4068E-3
2.6174E-3
2.3190E-3
5.6309E-4
1.4865E-3
2.7503E-3
2.8261E-3
2.1819E-3
1.8425E-3
2.2057E-3
1.5188E-3
6.0113E-3
2.1195E-4
7.6079E-4
1.5910E-3
7.3296E-4
2.4384E-3
9.3305E-4
5.8714E-3
1.0448E-3
5.7443E-3
1.1504E-3
2.8323E-3
1.8607E-3
1.8295E-3
2.8264E-3
2.1825E-3
3.0916E-3
2.3363E-3
4.9669E-4
3.0314E-3
2.8719E-3
2.9629E-3
4.5219E-4
3.0638E-3
2.4699E-3
2.2720E-3
1.9288E-3
2.5714E-3
-1.7354E-4
1.8646E-3
1.9845E-3
1.0253E-3
1.2215E-3
1.0849E-3
2.1782E-3
1.8062E-3
2.1527E-3
4.0308E-3
1.9341E-3
2.5731E-3
1.7328E-3
1.8364E-3
5.8228E-3
2.4640E-3
2.5174E-3
2.6597E-3
1.1696E-3
2.4861E-3
1.1927E-3
2.6067E-3
1.3829E-3
2.2379E-3
1.1751E-3
1.5730E-3
4.8751E-4
1.1754E-3
2.2299E-3
2.9632E-3
2.1827E-3
2.9793E-3
2.8985E-3
4.8637E-4
2.2020E-3
3.1263E-3
1.9695E-3
2.2111E-3
3.1335E-3
1.2668E-3
2.2655E-3
2.5778E-3
3.3230E-3
3.2595E-3
1.9816E-3
5.0235E-4
2.3472E-3
1.9452E-3
3.4863E-3
1.9964E-3
-2.5359E-4
2.8183E-3
2.4000E-3
2.3420E-3
2.1648E-3
1.9762E-3
2.5050E-3
6.8140E-3
2.1916E-3
1.6811E-3
1.7147E-3
1.4674E-3
2.4250E-3
2.2578E-3
2.5125E-3
2.1526E-3
5.7042E-4
2.8630E-3
3.0777E-3
6.0898E-4
2.6746E-3
9.7883E-4
2.2517E-3
3.0192E-3
2.2459E-3
5.0110E-4
2.9721E-3
2.2545E-3
2.5384E-3
2.5607E-3
1.9642E-3
2.2427E-3
3.2762E-3
2.5389E-3
2.9098E-3
2.7419E-3
7.7528E-3
1.1643E-3
2.2148E-3
3.6020E-3
1.5284E-3
2.7167E-3
2.2842E-3
4.7336E-3
2.9301E-3
1.1472E-3
2.2018E-3
9.3240E-4
2.7326E-3
4.1333E-4
2.8306E-3
2.5355E-3
2.4083E-3
2.5188E-3
1.7346E-3
3.0301E-3
7.4595E-3
3.1813E-3
2.2125E-3
2.7122E-3
2.7044E-3
2.4047E-3
7.8356E-4
1.8592E-3
1.3350E-3
1.3976E-3
7.2372E-4
3.1750E-3
2.3134E-3
3.0386E-4
2.3843E-3
1.8507E-3
2.3258E-3
2.3686E-3
2.4538E-3
2.8192E-3
3.4541E-3
2.4221E-3
1.4641E-3
2.5902E-3
4.4596E-4
3.2845E-3
2.9408E-3
2.4854E-3
2.7350E-3
3.3502E-3
3.1639E-3
3.1096E-3
3.0001E-3
3.0508E-3
1.7141E-3
2.2136E-3
2.4210E-3
2.7480E-3
2.5681E-3
6.2547E-3
1.3711E-3
2.7554E-3
1.2417E-3
1.5302E-3
2.1116E-3
3.1345E-3
2.7495E-3
2.8164E-3
1.2935E-3
3.6785E-3
4.1187E-3
3.6572E-3
2.6228E-3
8.2844E-4
1.4235E-3
8.7154E-4
6.9943E-3
1.3615E-3
2.6325E-3
5.8282E-3
1.1710E-3
2.2560E-3
3.1825E-3
1.2562E-3
2.9715E-3
1.3551E-3
1.9543E-3
2.7960E-3
7.6663E-3
4.7988E-4
3.7432E-5
-6.1756E-4
2.5061E-3
7.9978E-4
1.1266E-3
6.3244E-3
2.6413E-3
2.3788E-3
2.8314E-3
2.9054E-3
1.7307E-3
2.7653E-3
1.0975E-3
2.7984E-3
6.6532E-3
2.6101E-3
3.7308E-3
1.6522E-3
2.1017E-3
2.9482E-3
2.5288E-3
1.7369E-3
1.9220E-3
2.7695E-3
1.1031E-3
7.0956E-3
2.5104E-3
3.5280E-3
1.0753E-3
3.6170E-3
3.5486E-3
3.9745E-3
2.6616E-3
2.1936E-3
1.7322E-3
2.3251E-3
8.7792E-4
6.5643E-3
2.6648E-3
2.5426E-3
2.9460E-3
2.2034E-3
1.1948E-3
1.5343E-3
3.4956E-3
3.2244E-3
2.7485E-3
7.2616E-3
2.5189E-3
5.2601E-4
3.3400E-3
6.7890E-5
1.4027E-3
2.2540E-3
2.7478E-3
2.1258E-3
2.7786E-3
-1.5664E-4
1.7886E-3
2.6722E-3
2.9535E-3
2.2702E-3
2.1790E-3
5.3712E-3
2.8875E-3
1.1720E-3
4.4252E-3
1.3932E-3
2.3333E-3
2.0294E-3
2.6389E-3
1.6462E-3
1.1302E-3
1.5357E-3
7.0208E-4
2.9046E-3
3.2761E-3
1.0759E-3
2.6427E-3
6.1786E-4
1.1064E-3
2.3545E-3
2.0490E-3
2.4086E-3
2.9074E-3
5.0366E-4
1.7847E-3
1.6540E-3
5.4121E-5
1.8660E-3
1.6574E-3
-1.1331E-4
2.3039E-3
1.9267E-3
1.6618E-3
3.4297E-4
1.8763E-3
1.1905E-3
1.9504E-3
2.0030E-3
6.3312E-4
1.7302E-3
2.3666E-3
1.4061E-3
0.0000E+0
1.9456E-3
1.7734E-3
5.2226E-3
1.4805E-3
1.8717E-3
2.1512E-3
1.4291E-3
1.0030E-3
1.5108E-3
2.3344E-3
1.0543E-3
1.8067E-3
1.4164E-3
9.2840E-4
3.6895E-5
1.3206E-3
1.5295E-3
2.0570E-3
1.1639E-3
1.5455E-3
2.2635E-3
1.4845E-3
2.2347E-3
2.1023E-3
2.9122E-3
7.0982E-3
6.5632E-3
2.4052E-3
9.2724E-4
2.1269E-3
2.7733E-3
2.4318E-3
1.6828E-3
2.7275E-3
1.9082E-3
2.2047E-3
2.4765E-3
2.3470E-3
1.7577E-4
2.6391E-3
2.5952E-3
3.1675E-3
1.5014E-3
2.5435E-3
1.3171E-3
1.5987E-3
5.9062E-3
1.7716E-3
8.7076E-4
-6.1393E-5
4.2561E-3
2.3266E-3
-1.0097E-4
8.6510E-4
2.0537E-3
2.0067E-3
1.7027E-3
1.3556E-3
2.0834E-3
2.1296E-3
1.6826E-4
1.5215E-3
2.2118E-3
5.3167E-3
2.4725E-3
1.4006E-3
2.7752E-3
2.7457E-3
5.2923E-4
1.4129E-3
1.4272E-3
3.0560E-3
2.3847E-3
3.1443E-3
2.3397E-3
3.0436E-3
3.1162E-3
2.6585E-3
1.7160E-3
4.0894E-3
4.9230E-4
2.2879E-3
8.9112E-4
9.0519E-4
2.0223E-3
-1.7345E-4
1.9315E-3
2.2346E-3
2.6959E-3
2.4444E-3
6.0545E-3
2.9984E-3
2.5800E-3
2.5857E-3
2.3960E-3
3.2305E-3
2.2390E-3
2.4877E-3
2.0783E-3
3.0747E-3
7.9834E-4
2.7311E-4
5.9974E-3
2.6736E-3
1.1434E-3
2.2550E-3
2.3040E-3
5.1207E-3
2.9115E-3
1.6032E-3
2.7680E-3
2.9125E-3
2.4867E-3
1.3173E-3
1.9596E-3
6.3235E-4
1.1163E-3
2.4771E-3
2.9463E-3
2.7861E-3
2.0880E-3
5.6291E-4
2.2305E-3
2.6541E-3
1.5351E-3
3.7396E-3
3.1322E-3
6.0144E-3
2.7302E-3
3.4375E-3
2.1086E-3
2.2011E-3
1.0462E-3
3.3806E-3
2.0853E-3
3.0088E-3
2.6229E-3
1.2813E-3
1.6906E-3
8.8972E-4
1.7099E-3
3.0895E-3
2.8507E-3
2.1255E-4
2.8353E-3
2.5746E-3
2.4503E-3
1.5006E-3
2.2693E-3
1.1652E-3
3.3089E-3
2.5912E-3
2.1853E-3
2.2904E-3
1.4089E-3
1.3916E-3
2.2071E-3
2.4189E-3
2.7796E-3
2.4417E-3
2.2087E-3
2.1558E-3
2.3116E-3
2.4477E-3
3.0268E-3
2.2789E-3
1.2597E-3
6.1601E-4
5.5259E-4
1.9456E-3
2.6521E-3
3.8271E-3
1.5494E-3
1.0816E-3
1.6308E-3
2.8319E-3
2.7121E-3
2.5035E-3
3.4418E-3
9.6589E-4
2.3497E-3
2.7339E-3
3.3733E-3
2.6493E-3
3.5667E-3
2.5228E-3
2.5569E-3
1.5016E-3
4.0231E-3
3.6218E-3
2.5403E-4
2.9350E-3
2.3080E-3
2.5173E-3
2.8659E-3
2.8722E-3
4.2409E-4
1.1094E-3
2.6830E-3
3.8427E-4
2.3340E-3
3.7100E-3
6.0165E-4
2.7800E-3
2.2108E-3
2.8092E-3
2.6223E-3
3.3455E-3
2.8812E-3
6.4132E-3
1.3974E-3
1.7681E-3
5.5945E-4
2.0255E-3
2.1912E-3
2.9046E-3
1.7619E-3
2.4866E-3
2.3555E-3
2.4141E-3
2.5653E-3
1.5815E-3
2.8785E-3
2.7938E-3
9.8556E-4
3.1123E-3
1.7166E-3
3.9160E-3
2.2030E-3
1.4341E-3
4.8208E-4
2.6468E-3
3.6597E-3
1.0706E-3
1.4777E-3
2.8172E-3
1.0162E-3
2.6672E-3
2.9661E-3
3.4716E-3
2.4867E-4
8.4168E-4
2.4641E-3
-1.5002E-4
2.2267E-3
2.1071E-3
2.4523E-3
1.7340E-3
1.9830E-3
1.4352E-3
9.4491E-4
2.4394E-3
5.0582E-3
1.5457E-3
2.7037E-3
2.6597E-3
1.2505E-3
2.6883E-3
2.2364E-3
1.8600E-3
1.5004E-3
2.4265E-3
9.6107E-4
2.5400E-3
2.0659E-3
1.3891E-3
3.0764E-3
1.9488E-3
2.2680E-3
2.2389E-3
3.2470E-3
2.5563E-3
6.8951E-4
3.5207E-3
1.1757E-3
3.0867E-3
4.3720E-4
3.2688E-3
2.5693E-3
1.1610E-3
1.5497E-4
3.7161E-3
1.2538E-3
1.9081E-3
2.5138E-3
2.4658E-4
2.8242E-3
1.9592E-3
2.9477E-3
7.2351E-3
9.9853E-4
1.6792E-3
1.4055E-4
2.5250E-3
2.2011E-3
1.6679E-3
1.6809E-3
2.5462E-3
2.4220E-3
6.8146E-4
2.0871E-3
1.5824E-3
2.4443E-3
2.3282E-4
8.2666E-4
1.2964E-3
1.8504E-3
7.9328E-4
9.5665E-5
1.7981E-3
2.1549E-3
7.3385E-4
1.0148E-3
2.1771E-3
1.9360E-3
8.2886E-4
1.3424E-3
1.5982E-3
3.1298E-4
5.9404E-3
2.5632E-3
3.0488E-3
2.6469E-3
2.1619E-4
2.7565E-3
2.1741E-3
3.4849E-3
4.2707E-4
1.9765E-3
3.5984E-3
2.4001E-3
3.2151E-3
2.5901E-3
1.9393E-3
1.4316E-3
2.4372E-3
5.3474E-3
1.1551E-3
2.4955E-3
-3.0109E-4
2.4002E-3
2.2929E-3
2.3776E-3
1.4234E-3
2.0182E-3
5.0962E-3
1.9532E-3
6.1256E-4
1.4326E-3
4.7380E-4
3.0768E-4
2.3393E-3
1.0771E-3
1.4272E-3
1.9256E-3
1.2999E-3
1.8430E-3
1.2885E-3
1.5225E-3
9.4146E-4
1.8113E-3
1.8677E-3
5.3817E-4
5.0563E-4
9.8646E-4
4.3870E-3
1.9356E-3
2.2380E-3
7.6079E-4
1.8778E-3
1.3818E-3
2.1980E-3
2.0016E-3
8.3846E-4
6.9159E-4
1.9587E-3
1.7586E-3
4.5687E-4
8.8811E-4
2.4149E-3
2.5526E-3
6.9672E-4
2.2355E-3
5.4021E-3
1.1396E-3
1.9605E-3
1.6564E-3
1.6275E-3
4.1582E-3
1.0943E-3
-6.9827E-5
5.8523E-4
1.9845E-3
9.2000E-4
2.5585E-3
2.8803E-3
1.4879E-3
1.7707E-3
1.1159E-3
1.0729E-3
5.7164E-3
1.6657E-3
5.5820E-4
1.4724E-3
4.5371E-4
1.1595E-3
4.7243E-4
1.6250E-3
-1.4150E-4
1.8197E-3
4.8985E-3
2.0568E-3
1.1755E-3
1.6036E-3
1.6301E-3
2.1423E-3
2.6318E-3
6.6650E-4
9.7239E-4
2.4174E-3
-5.8413E-5
1.6655E-3
2.2048E-4
2.6339E-3
4.3692E-3
2.4681E-3
1.6288E-3
1.7905E-3
5.8028E-3
2.3614E-3
1.3154E-3
7.8142E-4
1.6438E-3
4.2588E-4
2.2437E-3
9.4813E-4
1.9073E-3
3.7342E-4
2.7059E-3
3.0924E-3
1.7660E-3
2.6377E-3
5.9980E-4
2.1729E-3
1.0473E-3
1.9081E-3
1.7281E-3
7.1645E-4
1.5365E-3
1.9220E-3
2.0605E-3
1.4030E-3
2.2144E-3
1.3483E-3
1.1395E-3
4.6116E-4
6.9541E-4
1.9305E-3
1.4890E-3
1.2646E-3
1.7813E-3
1.5355E-3
1.8331E-3
3.5012E-4
2.3088E-3
1.1479E-3
1.3588E-3
5.5140E-3
3.0410E-4
8.5610E-4
4.5226E-3
7.0071E-4
1.8382E-3
1.4313E-3
1.9503E-3
2.0856E-3
5.1641E-4
-4.9984E-4
2.0321E-3
2.7575E-3
1.9327E-3
2.1930E-3
1.3766E-3
6.3688E-4
1.6348E-3
9.2453E-4
2.4768E-3
2.3505E-3
8.8274E-5
2.2363E-3
1.7887E-3
2.0553E-3
1.7414E-3
6.1035E-3
3.2906E-3
5.0573E-3
2.4766E-3
1.9889E-3
2.8430E-3
1.9062E-3
1.9304E-3
9.6416E-4
4.4936E-4
2.3970E-3
2.3544E-3
1.6838E-3
2.4685E-3
1.1052E-3
1.7704E-3
2.1345E-3
1.3095E-4
5.6285E-3
1.0207E-3
1.4310E-3
1.8749E-3
6.7037E-4
1.5589E-3
2.6094E-3
5.5414E-4
7.4321E-4
1.9695E-3
-1.0067E-1
2.3287E-3
3.0841E-3
2.2359E-3
1.8320E-3
3.2291E-3
2.0717E-3
2.3524E-3
1.4775E-3
2.5745E-3
1.3443E-3
1.5057E-3
3.5649E-3
2.6755E-3
4.2834E-3
2.9855E-3
2.6904E-3
5.3602E-4
2.9813E-3
2.8973E-3
1.6863E-3
1.5075E-3
2.3584E-3
3.2275E-3
2.6286E-5
1.1540E-3
6.2621E-4
2.0579E-3
3.6228E-3
1.8284E-4
2.4848E-3
2.2375E-3
1.6650E-3
2.0140E-3
2.0009E-3
2.6512E-3
2.1617E-3
1.5165E-3
1.1969E-3
1.3023E-3
7.7140E-4
1.8885E-3
1.7446E-3
2.1790E-3
1.4617E-3
8.6820E-4
1.0958E-3
1.6550E-3
2.3018E-3
7.2426E-4
8.0085E-4
9.7919E-4
2.1818E-3
2.3901E-3
1.6237E-3
6.1111E-3
-4.3750E-5
2.3065E-3
1.9128E-3
2.5116E-3
3.0688E-3
1.4188E-3
1.0488E-3
1.9663E-3
1.1846E-3
3.5874E-3
9.1779E-4
2.9714E-3
3.6583E-3
3.6479E-3
8.0025E-4
8.0955E-4
7.0238E-4
1.0903E-3
8.2189E-4
6.3425E-4
6.3518E-4
2.8163E-4
1.7959E-3
5.1211E-3
1.4332E-3
2.2551E-3
1.8706E-3
2.1044E-3
1.3399E-3
3.2538E-4
6.5351E-4
7.5579E-5
3.4626E-3
1.5044E-3
2.2917E-3
3.1608E-3
1.8157E-3
2.3561E-3
1.6492E-3
4.8054E-3
2.3822E-3
1.2498E-3
1.7609E-3
-4.9007E-4
2.0289E-3
8.3202E-4
9.8592E-4
4.8941E-4
1.1579E-3
3.8598E-3
2.3283E-3
2.9843E-3
4.2045E-3
2.5640E-3
1.9631E-3
3.3673E-3
3.3347E-3
2.3862E-3
2.8751E-3
4.6116E-4
6.5511E-4
2.1282E-3
1.8315E-3
2.7845E-3
2.7693E-3
1.9214E-3
4.1934E-3
4.0281E-3
2.0810E-3
3.4240E-3
1.1956E-3
1.6124E-3
