87
52
-8.4922E-5
-1.5166E-5
1.2406E-4
9.9745E-5
3.6411E-5
1.3363E-4
1.4347E-4
5.0426E-5
2.3878E-4
5.8234E-5
1.0367E-4
2.0055E-4
1.8630E-4
5.6349E-5
1.0364E-4
2.1906E-4
1.5304E-4
1.8280E-4
1.5934E-4
-5.0545E-5
1.5361E-4
1.7560E-4
5.1379E-5
1.5071E-4
1.0812E-4
-1.0490E-5
-3.5763E-7
-3.0264E-5
2.6792E-4
6.2078E-5
7.6830E-5
1.8843E-4
-9.3058E-5
1.0708E-4
7.7888E-5
1.1772E-5
2.4825E-5
-2.4483E-5
8.5548E-5
1.7615E-4
1.2280E-4
2.1999E-4
3.3885E-4
1.1212E-4
2.2338E-4
1.3188E-5
4.2975E-5
3.1494E-4
2.6102E-4
3.0010E-3
-1.6838E-6
-1.4518E-4
-5.6203E-5
1.3264E-4
4.3549E-5
-1.0866E-4
-2.5027E-5
-7.2643E-7
3.8404E-5
3.8706E-6
1.0215E-4
1.3439E-4
1.6068E-4
-3.9801E-5
1.0087E-4
2.8707E-4
1.9136E-4
-8.3096E-5
1.3041E-4
1.7387E-4
1.4299E-4
1.1673E-4
4.5486E-5
-1.2591E-6
1.9006E-5
2.1525E-4
5.5633E-5
-4.6194E-5
5.4047E-5
-5.0142E-5
5.4561E-5
1.1055E-4
1.9944E-4
8.2776E-5
-1.1551E-4
8.9586E-5
-1.0242E-4
2.5830E-4
1.3323E-4
-1.5412E-4
-4.7207E-5
-4.0039E-5
1.8066E-4
-4.5285E-5
-1.9491E-5
2.0787E-4
3.3596E-3
2.1291E-4
1.1384E-4
4.2945E-5
-2.2918E-5
2.1784E-4
-1.1921E-6
2.6664E-4
2.1224E-4
3.6210E-5
2.1514E-4
8.9403E-5
-3.7208E-5
1.6902E-4
9.3058E-6
1.7324E-4
1.8237E-4
2.4754E-4
-3.5942E-5
1.4619E-4
5.8413E-5
1.9465E-4
-6.3114E-5
2.0557E-4
-1.1232E-4
6.6161E-6
1.7382E-4
1.1805E-4
2.6464E-4
4.6693E-5
3.2552E-3
-4.7386E-6
6.1408E-5
-1.9819E-6
-1.3269E-5
-4.0576E-5
9.0942E-5
3.2619E-5
6.2585E-6
4.1872E-5
1.6524E-4
2.5323E-4
9.5814E-5
1.9751E-4
2.6236E-4
-1.5140E-5
-5.5805E-5
1.0821E-4
5.9485E-5
3.4567E-3
-2.8118E-5
-9.7990E-5
7.7188E-5
-4.1589E-5
2.5415E-4
1.2119E-4
2.0163E-4
2.7411E-4
-6.7145E-5
3.2157E-5
3.9302E-6
9.2775E-5
4.1682E-5
7.4312E-5
1.3291E-4
-7.3690E-5
2.7110E-4
1.8030E-5
8.5942E-5
1.5106E-4
1.4812E-5
9.6381E-5
2.7792E-4
2.7993E-4
-8.6501E-5
1.2064E-4
1.2346E-4
1.4953E-4
7.6927E-5
2.6822E-7
1.3637E-4
1.4147E-4
-1.3933E-6
8.9839E-5
7.6368E-5
4.7505E-5
-3.8669E-5
1.7220E-4
2.2092E-4
5.1200E-5
1.5530E-4
3.6910E-5
-9.6664E-5
-8.8185E-5
9.9301E-5
4.6447E-5
4.4748E-5
9.1344E-6
4.9323E-5
6.0037E-5
-5.0068E-5
6.1229E-5
4.4540E-5
9.7185E-5
1.5986E-4
1.7464E-5
-5.0262E-5
-6.9425E-5
1.1988E-4
1.5159E-4
6.0096E-5
1.5657E-4
1.6282E-4
1.2233E-4
8.4165E-5
1.3816E-4
1.2529E-4
1.0801E-4
1.2345E-4
4.0505E-5
-4.5404E-5
-1.1645E-5
8.9705E-6
-1.2337E-4
6.4582E-5
8.0585E-5
1.4219E-4
2.3335E-5
6.6541E-5
1.1418E-4
2.9327E-3
6.1318E-5
1.5748E-4
2.4434E-4
7.3664E-5
3.6128E-5
8.7731E-5
3.1531E-5
2.5240E-4
1.3413E-4
1.1818E-4
1.2675E-4
1.3281E-4
5.4061E-5
5.2154E-6
9.7752E-6
1.3144E-4
8.3670E-5
1.2664E-4
5.0366E-6
6.0678E-5
5.5864E-5
7.7888E-5
6.0618E-5
7.4804E-6
-1.5742E-4
1.1459E-4
-4.0650E-5
6.8590E-5
8.2880E-5
1.7013E-4
-1.5381E-4
1.7837E-5
1.5534E-4
2.3038E-4
1.3618E-4
7.4651E-5
1.9513E-4
8.8096E-5
5.5131E-5
1.3204E-4
-1.6334E-4
1.0232E-4
5.0791E-5
4.5553E-5
1.7382E-4
1.0899E-4
1.4100E-4
6.5595E-5
6.7391E-5
-9.3877E-7
3.9980E-5
1.3581E-4
-2.1458E-6
-1.5751E-5
3.1006E-4
1.0827E-4
-1.2465E-5
-5.6252E-5
-2.3268E-5
1.5135E-4
1.9009E-4
3.5815E-5
8.2344E-5
2.1014E-4
1.7971E-4
1.7306E-4
3.4451E-5
1.6347E-5
2.3037E-5
4.1172E-5
-1.0237E-5
2.1365E-4
2.0751E-4
3.4824E-5
3.6642E-5
8.3491E-5
1.1171E-4
1.5311E-4
-2.0698E-5
1.4678E-5
2.3618E-4
5.1320E-5
-4.6983E-5
1.2152E-4
2.6122E-4
1.4086E-4
-1.7259E-5
-3.2905E-5
1.5128E-5
7.6763E-5
1.5427E-4
1.5101E-4
1.7390E-4
1.4889E-4
1.7055E-4
2.1374E-4
1.1859E-4
1.4365E-4
-3.6031E-5
-2.0713E-5
5.7839E-5
-1.3275E-4
4.3951E-5
1.5999E-4
-6.6467E-5
4.4160E-5
6.1683E-5
7.3247E-5
1.0301E-4
1.4149E-4
2.1566E-4
7.8797E-5
1.2816E-4
1.5941E-4
2.7791E-6
2.1650E-4
5.5477E-5
-5.6773E-6
9.1031E-5
1.5353E-4
8.8230E-5
9.1016E-5
1.1890E-4
8.0898E-5
9.0852E-5
1.5339E-4
7.3642E-5
2.6770E-4
2.0355E-5
-5.6028E-6
-1.2234E-5
2.2140E-4
7.2598E-5
-6.6608E-6
5.5045E-5
2.8519E-4
1.9066E-4
2.9962E-3
3.2184E-4
8.0235E-5
6.3613E-5
1.9527E-4
-5.2813E-5
2.9380E-3
-1.1198E-4
4.8736E-4
4.2267E-4
-2.0347E-4
2.9951E-4
-4.3198E-4
-1.4748E-4
4.6318E-4
-4.6355E-4
2.6960E-4
2.7368E-4
2.0582E-4
-8.7119E-4
-1.2338E-3
5.2301E-4
-1.4882E-3
-5.7852E-4
-1.4090E-3
1.3598E-3
6.4224E-6
3.8684E-4
-1.4427E-3
-3.7114E-4
-2.3979E-4
1.2494E-3
1.1780E-3
-6.3241E-4
1.4222E-3
-1.1576E-3
-1.0562E-3
-1.1232E-3
-2.7587E-4
5.2644E-4
9.2404E-4
4.1105E-3
9.2435E-4
5.3686E-4
4.8979E-4
9.7141E-5
-2.6006E-4
-5.9009E-5
1.6795E-4
2.3931E-5
-2.5764E-5
4.3482E-5
-1.8289E-4
3.0152E-4
3.0922E-3
1.4129E-4
3.1608E-3
1.7013E-4
-1.3931E-4
9.8050E-6
3.2684E-3
2.8342E-5
5.8882E-5
1.7466E-4
-2.0094E-5
-1.3445E-4
8.8222E-5
1.1824E-4
7.1466E-5
1.1771E-4
5.3868E-5
2.6517E-4
2.1614E-5
2.3820E-5
3.3490E-5
9.5360E-5
1.6361E-5
6.4932E-5
2.4103E-5
7.7687E-5
1.5412E-4
1.4497E-4
-2.6926E-5
1.1043E-4
1.4217E-4
1.8685E-4
1.4681E-4
3.3153E-3
-1.0601E-4
2.6861E-4
-5.6848E-5
1.8346E-4
1.0550E-4
2.1964E-4
1.5822E-4
-5.3272E-5
2.7631E-4
8.4952E-5
2.4244E-5
7.0930E-5
1.5044E-4
-8.2389E-5
6.1567E-4
4.2975E-5
-3.0447E-5
-3.2384E-5
2.6823E-4
2.5818E-4
3.0473E-5
1.8778E-4
3.9998E-4
1.7554E-4
8.8364E-6
6.4291E-5
7.5132E-5
2.5824E-5
6.8590E-5
1.1608E-5
1.8537E-4
-2.9229E-5
5.5179E-5
7.7873E-5
8.3834E-5
1.4604E-4
4.0606E-5
9.9704E-5
-6.9268E-5
-4.2193E-5
-6.9864E-5
1.3945E-4
8.2590E-5
2.1167E-5
-3.9987E-5
8.0526E-5
-4.4689E-5
8.0019E-5
1.0405E-4
-1.2301E-4
3.5607E-3
4.8965E-5
-4.5598E-5
3.2653E-3
3.0875E-4
1.9237E-5
2.1179E-4
1.1760E-4
-9.3848E-5
-5.0992E-5
-1.3717E-4
-1.2004E-4
6.0916E-5
-9.4771E-5
9.0718E-5
6.4850E-5
2.5779E-5
-4.5583E-5
1.6711E-4
-1.2623E-4
1.7315E-5
2.5590E-3
1.6271E-4
6.2961E-5
-6.6541E-5
-3.7964E-5
1.5147E-4
9.7055E-5
1.5546E-4
1.0192E-5
2.3876E-4
1.1966E-4
7.9490E-5
1.6702E-4
9.2477E-5
-4.0561E-5
3.5897E-5
-3.5308E-5
-3.9369E-5
1.2553E-4
7.0363E-5
2.8789E-5
2.7668E-4
9.0823E-6
2.4199E-5
1.2883E-4
1.4603E-6
1.2773E-4
8.7239E-5
1.4186E-4
5.3719E-5
6.0111E-5
-3.9652E-5
1.6791E-4
2.1914E-4
-3.4362E-5
1.0198E-4
1.2147E-4
4.3020E-5
1.3809E-4
1.8492E-4
3.0065E-4
1.7008E-4
2.3447E-4
-1.8805E-5
1.3751E-4
-8.6188E-5
1.5530E-4
3.0771E-5
1.3340E-4
1.2625E-5
1.2696E-4
1.2706E-4
2.0474E-4
1.8943E-4
4.9826E-5
1.9698E-4
8.1781E-5
-6.5282E-5
2.0850E-4
3.9145E-5
-3.1069E-6
2.9482E-5
3.3006E-6
2.7865E-3
1.1571E-4
2.1137E-4
1.1401E-4
-5.9113E-5
-1.1690E-5
2.8914E-4
-1.1291E-4
6.4783E-5
6.9119E-5
9.1076E-5
1.6227E-4
2.8245E-5
-2.2262E-5
2.0771E-4
-2.6375E-5
7.2762E-5
9.3609E-5
-2.4557E-5
1.8743E-4
5.1007E-5
7.7784E-5
1.1840E-4
8.4728E-5
9.4026E-5
2.6911E-5
2.9549E-5
2.8118E-5
4.3958E-5
1.9774E-5
1.1389E-4
2.0200E-4
1.6502E-4
4.9487E-5
2.9737E-4
1.1283E-4
5.6818E-5
2.0093E-4
1.3757E-4
-2.0515E-5
1.4319E-4
3.3796E-5
4.2044E-5
1.0087E-4
2.0418E-5
5.6271E-5
8.9891E-5
7.5601E-5
8.9124E-5
8.6799E-6
3.9786E-6
9.9018E-5
-6.9663E-5
-4.1276E-6
1.6847E-4
1.0737E-4
-4.4547E-5
1.1051E-4
3.3535E-5
2.2578E-4
2.0506E-4
1.3721E-4
2.8700E-5
3.5517E-5
1.9474E-4
-3.5234E-5
3.3550E-5
4.5486E-5
2.7291E-4
-8.2523E-5
-6.6444E-5
1.6274E-4
1.8397E-4
2.0899E-4
3.0473E-5
2.3225E-4
1.6165E-4
1.5411E-4
2.3244E-4
1.5408E-4
1.0446E-5
1.0818E-5
1.7108E-4
1.4205E-4
-1.7196E-5
7.4655E-5
8.1182E-5
1.8902E-4
1.9689E-4
1.5317E-4
2.4979E-4
-4.1183E-5
-3.5245E-5
4.2845E-4
5.9016E-4
6.7284E-4
-1.8240E-4
-2.6241E-4
2.4580E-4
-6.0607E-4
-9.8678E-4
8.9536E-4
3.6798E-4
-6.3980E-4
2.6113E-4
-3.6313E-4
1.4777E-4
6.7522E-4
1.3304E-3
-3.5994E-5
-8.0960E-4
1.6070E-3
-1.1429E-3
8.6059E-4
-6.4933E-4
1.5973E-3
1.5597E-3
1.4245E-3
2.7388E-4
-1.6377E-3
1.8489E-3
-1.1428E-4
-1.5528E-3
-1.7239E-4
-1.3866E-3
4.2349E-5
-1.3334E-3
-1.3356E-4
-1.3512E-3
-1.3353E-4
1.3982E-4
1.0619E-3
1.1450E-3
-1.3212E-3
-5.1124E-4
-3.2021E-4
-1.5379E-3
-2.4270E-4
3.5025E-3
5.2330E-4
1.5779E-4
-8.2572E-4
5.2176E-5
1.0546E-4
2.5841E-4
5.7630E-5
3.5826E-5
2.8139E-4
-1.6332E-5
8.7786E-5
-1.3843E-5
4.5858E-5
6.4425E-5
6.0715E-5
1.7963E-4
7.3671E-5
1.7793E-4
-5.7429E-5
1.1173E-4
7.1444E-5
2.9620E-4
1.2994E-5
6.5565E-6
1.0870E-4
1.3581E-4
7.6741E-6
2.3633E-5
6.4217E-5
3.2347E-4
8.0742E-5
-5.9605E-8
1.8426E-4
2.7150E-5
9.7334E-5
2.1324E-5
1.4372E-4
2.4772E-4
1.1058E-4
-7.7695E-5
9.1985E-5
5.6460E-5
3.0331E-3
4.4808E-5
2.9734E-4
4.3347E-5
2.5873E-4
2.8230E-4
1.5253E-4
1.4669E-4
1.4679E-4
4.8101E-5
2.7223E-4
4.1679E-5
2.0412E-4
3.7372E-5
1.9597E-4
1.2416E-4
-3.0734E-6
2.5306E-4
1.7222E-5
-6.1646E-5
-4.3336E-5
1.6947E-4
1.3200E-4
4.0404E-5
1.2033E-4
1.4464E-4
-4.1723E-7
7.6175E-5
8.2254E-5
9.7238E-5
1.4736E-4
1.9611E-4
1.3459E-4
1.1273E-5
-9.0428E-5
1.4962E-4
3.2762E-3
-4.3526E-4
-2.2165E-5
2.9282E-4
8.2150E-5
1.7588E-4
1.0040E-4
6.7696E-5
-5.4687E-5
1.3557E-4
1.4533E-4
1.3973E-4
4.5031E-5
8.6665E-5
2.1248E-4
6.8098E-6
9.4950E-5
1.3366E-4
-5.8651E-5
-2.5718E-4
1.2630E-4
3.4958E-5
1.0513E-4
-9.7454E-6
-5.2378E-5
6.4820E-6
9.0480E-5
5.2616E-5
1.6294E-4
1.4484E-5
-4.7784E-5
2.7381E-4
5.1264E-5
7.1526E-6
1.4233E-4
1.2304E-4
-1.3247E-5
2.0129E-4
1.2636E-4
3.5480E-5
1.9462E-4
1.9865E-4
1.8529E-4
5.5969E-5
7.9796E-6
9.9078E-5
-1.2272E-4
1.2097E-4
1.8683E-4
-1.1949E-4
2.5036E-3
1.5609E-4
1.9044E-4
-2.3641E-5
7.6927E-5
1.3826E-4
2.1829E-4
6.5349E-5
-5.8405E-5
3.4258E-5
1.4208E-4
8.4221E-5
2.5123E-5
-4.9144E-5
6.5878E-5
1.7270E-5
9.5323E-5
1.4517E-4
1.4682E-4
1.7749E-4
2.1866E-4
1.4232E-4
6.4030E-5
5.3763E-5
1.6212E-4
1.4603E-5
1.6648E-4
-4.2543E-5
5.3078E-5
-1.0991E-4
1.8668E-4
1.1983E-3
1.5593E-3
-8.2146E-4
1.4460E-3
-1.3109E-3
-1.1855E-3
1.2180E-3
-7.8653E-4
1.1993E-3
-3.8005E-5
-8.5305E-4
5.2957E-4
1.1234E-3
8.9093E-4
-4.8158E-4
8.2640E-4
8.5548E-5
-5.5075E-5
5.4105E-4
1.1364E-4
-3.8350E-4
3.1668E-4
3.6576E-4
5.9031E-5
-4.1857E-5
2.3826E-4
2.7598E-4
-8.3670E-6
-7.4834E-5
1.3411E-6
2.8058E-3
1.4012E-4
2.3170E-4
1.6364E-4
1.4922E-4
3.0209E-4
1.7892E-4
2.1656E-4
2.3109E-4
2.1312E-4
1.7370E-4
4.0683E-4
-7.9632E-5
2.5485E-4
1.7187E-4
6.7905E-5
2.0683E-4
9.0599E-6
1.3447E-4
2.1158E-4
-4.6000E-5
5.4836E-5
-3.6526E-5
6.6713E-4
2.6648E-4
8.8250E-4
2.6732E-4
-2.9460E-4
2.0671E-4
-2.2427E-4
6.4098E-4
-3.4006E-4
3.9473E-4
6.7671E-4
7.2767E-4
-5.4870E-4
-6.4518E-4
1.0047E-4
-1.6038E-4
3.4966E-4
1.8172E-5
3.5863E-4
2.0804E-4
-2.1712E-4
-1.4775E-4
5.9366E-5
8.8111E-5
2.8976E-3
-4.6492E-6
1.5773E-4
2.3130E-4
1.4921E-4
1.8410E-5
1.1192E-4
1.6282E-4
1.3940E-4
-7.5549E-6
1.2596E-4
2.5292E-4
2.7809E-4
1.9675E-4
-1.0401E-4
1.6992E-4
6.3255E-5
4.0665E-5
9.8705E-5
2.6211E-5
-1.0923E-4
1.0520E-4
1.0242E-4
7.9527E-5
-4.7758E-5
2.7180E-5
1.3694E-4
1.6737E-4
8.4203E-5
2.5190E-5
1.2351E-4
2.0457E-4
1.6313E-4
1.8512E-4
3.3706E-4
1.2286E-4
1.4399E-4
6.5371E-5
1.1556E-4
1.9860E-4
1.7605E-4
1.9476E-5
9.5151E-5
2.8943E-4
2.5947E-4
2.5339E-4
1.1116E-4
1.9592E-4
9.3587E-5
9.7208E-5
5.1491E-5
-6.4448E-5
1.1977E-4
-2.9802E-5
1.0415E-4
1.2114E-4
-2.6219E-5
1.4976E-5
2.9795E-5
8.5011E-5
6.1393E-5
1.2608E-4
3.9443E-5
5.0977E-5
1.4441E-4
1.5844E-4
3.5807E-5
-1.0525E-4
-1.4077E-4
2.5825E-4
1.4289E-4
-2.0331E-4
-2.4647E-5
3.1211E-3
1.2159E-5
-3.7581E-5
-1.6099E-4
1.2337E-4
1.3188E-5
-1.1537E-4
-7.8499E-5
1.9021E-4
-6.8568E-5
2.7585E-4
1.4884E-4
1.2688E-4
1.7248E-5
0.0000E+0
5.8688E-5
3.7581E-5
8.1740E-5
-1.4933E-4
5.9582E-5
2.3730E-5
-5.3674E-5
8.6196E-5
1.0155E-5
8.6457E-5
9.5814E-5
1.4218E-4
-4.9770E-5
1.1837E-4
-4.5344E-5
2.6215E-4
1.2965E-4
1.0510E-4
4.9971E-5
1.9823E-4
1.6271E-4
1.7727E-4
2.4684E-5
-1.9333E-4
9.7126E-5
6.0022E-5
6.4075E-5
2.0859E-4
1.1206E-5
-7.2658E-5
2.4781E-5
1.8269E-5
6.5908E-5
9.7856E-5
1.0219E-4
1.3568E-4
-6.2391E-5
2.2148E-4
1.3214E-4
-7.2286E-5
2.1365E-4
8.7574E-5
9.4950E-5
2.4227E-4
1.0581E-4
2.3121E-4
-4.8466E-5
1.4417E-4
2.0615E-4
1.7632E-4
1.2591E-4
2.3355E-4
3.9600E-5
8.7656E-5
1.8305E-4
1.7658E-5
-5.5261E-5
1.6205E-5
4.1008E-5
2.4593E-4
2.4739E-4
7.1861E-5
2.5336E-4
1.7879E-4
1.2838E-4
1.6621E-4
3.4359E-4
1.7630E-4
6.3866E-5
-1.4514E-5
-4.7207E-5
1.6838E-5
2.8735E-4
7.7315E-5
-2.5988E-5
5.8845E-5
1.9017E-4
2.2754E-4
1.1176E-5
2.9495E-4
1.8059E-4
1.2635E-4
1.8118E-4
7.9975E-5
7.0333E-5
1.1568E-4
1.0490E-5
1.4624E-4
-6.9529E-5
2.6321E-4
2.0705E-4
1.3334E-4
2.3143E-4
8.7440E-5
1.9316E-4
7.1615E-5
3.7797E-5
1.4009E-4
1.6707E-4
-7.1447E-5
1.7297E-4
2.9061E-5
-2.3890E-5
2.2169E-5
6.6802E-5
-1.3147E-4
9.0756E-5
8.2724E-5
1.2226E-4
1.9588E-5
5.9769E-5
7.9647E-5
-1.6041E-5
6.3270E-5
9.4548E-6
2.7046E-6
-1.3344E-4
-2.8998E-5
1.0806E-4
-6.2540E-5
-1.2092E-5
3.3059E-3
3.0182E-5
7.7799E-5
6.6414E-5
7.4252E-5
-4.3549E-5
-8.9034E-5
1.7355E-4
-7.9125E-6
2.4706E-4
4.5687E-5
5.1111E-5
5.7280E-5
5.5641E-5
-8.5086E-6
2.8595E-5
-1.6932E-4
1.1100E-4
9.5367E-6
1.1295E-4
2.8998E-5
2.5380E-4
-4.0412E-5
-2.6628E-5
1.7405E-5
1.4940E-4
2.0361E-4
4.9297E-5
1.8086E-5
-5.0504E-5
6.0864E-5
4.5005E-5
5.7742E-5
1.8192E-4
7.5735E-5
9.6928E-5
1.3296E-4
5.9605E-6
2.6995E-4
-1.8671E-5
7.7419E-5
1.9197E-4
3.1143E-5
1.0440E-4
5.2795E-5
2.7880E-5
5.9977E-6
7.5676E-5
1.6408E-4
2.1897E-4
-5.5194E-5
2.4915E-5
1.5816E-4
-5.5335E-5
-8.1733E-6
-5.3436E-5
-1.9290E-5
2.1844E-4
1.8209E-5
4.6149E-5
3.7968E-5
2.0429E-5
1.9774E-5
5.7220E-5
4.4256E-5
1.8284E-4
-2.6584E-5
-4.3213E-5
1.4870E-4
-4.9487E-5
-5.4032E-5
2.7516E-3
1.1040E-4
-1.3831E-4
2.7310E-3
1.7089E-4
-1.1066E-4
1.0636E-4
9.2857E-5
-5.9936E-5
-4.4268E-5
-3.7868E-5
1.4093E-5
-6.0908E-6
1.7129E-4
-1.0291E-4
1.0506E-4
5.8278E-5
1.4618E-5
-7.9334E-5
6.2965E-5
7.2107E-5
-9.4667E-5
2.6561E-5
1.3487E-4
-6.3024E-5
-1.1995E-4
4.4160E-5
-1.4612E-4
-4.8608E-5
-3.0436E-5
2.7308E-3
8.2493E-5
1.2926E-4
7.0505E-5
1.1814E-4
2.5970E-3
-1.0891E-4
8.2381E-5
8.1524E-5
1.7449E-5
7.7024E-5
-5.9113E-5
1.9684E-5
-2.5123E-5
6.8471E-5
-3.5271E-5
-1.0361E-4
4.4823E-5
7.5251E-6
-5.1339E-4
-4.1813E-5
1.6823E-5
-1.1863E-4
-1.3813E-4
5.8889E-5
-1.1489E-5
2.7175E-3
-3.1206E-4
-1.3426E-5
-4.9546E-6
1.7927E-4
9.4138E-5
3.4221E-5
6.9879E-5
3.5241E-6
4.1518E-5
1.1526E-4
-1.5599E-4
1.8902E-5
1.4521E-4
1.1209E-4
-9.4198E-5
1.4935E-4
7.5042E-5
8.9608E-5
3.2075E-5
1.4229E-4
-1.4859E-4
-4.7609E-5
1.8569E-4
3.6272E-4
6.4135E-5
1.6786E-5
2.8670E-5
9.9234E-5
1.1665E-4
2.0239E-4
-2.3566E-5
-6.8843E-5
1.5648E-4
1.4628E-4
1.8306E-4
3.0994E-6
4.4644E-5
-2.7105E-5
2.3340E-4
-4.1708E-5
7.0482E-5
1.1675E-4
7.3314E-6
4.9874E-5
1.6962E-4
1.5463E-4
-5.4047E-5
1.6092E-4
-5.7116E-5
4.8146E-5
1.4301E-4
-1.2681E-5
-8.5324E-5
-1.2109E-4
1.0004E-4
5.8759E-5
2.7515E-3
2.2337E-5
6.0923E-5
9.2424E-6
1.6008E-4
7.2688E-5
2.3786E-5
1.2716E-4
1.9655E-4
-3.2470E-5
-1.3375E-4
9.0972E-6
1.0210E-4
2.8933E-3
-4.9621E-5
2.4937E-5
1.3337E-6
-1.0756E-4
4.3809E-5
3.6739E-5
1.8781E-4
2.5129E-4
1.6332E-5
3.7821E-4
2.3398E-4
5.6148E-5
1.4713E-4
2.8084E-4
3.4899E-5
6.8054E-5
2.3618E-5
-3.6359E-5
1.2474E-4
-2.2356E-4
1.1764E-4
-4.1977E-5
-1.8075E-5
1.0848E-4
-2.0102E-5
1.1212E-4
-9.4637E-5
1.7199E-4
-1.5636E-4
-5.1320E-5
1.2803E-4
-1.6171E-4
7.1168E-5
-7.5504E-5
1.1934E-4
3.4228E-5
2.9608E-3
1.4246E-4
-6.2335E-5
-8.8118E-5
2.2805E-4
6.5856E-5
5.0262E-5
1.5393E-5
1.1742E-4
-1.2415E-4
2.2533E-4
3.8058E-5
-1.5985E-4
1.5688E-4
2.6967E-4
-1.7181E-5
9.6768E-5
1.0559E-4
-1.1995E-5
1.2223E-4
8.4788E-5
1.7663E-4
-1.8477E-6
6.7361E-5
-6.9216E-6
-9.3259E-5
1.1474E-4
-9.7081E-6
-4.8578E-5
1.1002E-4
5.2400E-5
1.0443E-4
1.8507E-4
7.0781E-6
5.8502E-5
2.6286E-5
1.2934E-4
5.3316E-5
1.8179E-4
-5.2407E-5
-1.1221E-5
1.9579E-4
-4.9755E-5
-1.7524E-5
1.6427E-4
-4.8801E-5
2.5141E-4
1.4581E-4
1.4077E-4
1.6202E-4
3.8043E-4
1.1417E-4
-3.6884E-5
5.2862E-6
1.7939E-4
-6.2972E-5
2.3834E-5
1.9160E-4
1.1247E-4
1.0596E-4
7.5988E-5
1.8477E-6
1.9876E-4
1.3357E-4
1.5973E-4
6.3449E-5
2.0608E-4
1.1723E-4
-1.0287E-4
-2.1338E-5
1.1390E-4
6.4731E-5
8.1025E-5
-8.7991E-5
2.6470E-4
9.5777E-5
1.3489E-4
1.5792E-4
2.7181E-4
-6.4544E-5
9.1739E-5
1.2405E-5
8.3745E-6
-1.1823E-4
5.0403E-5
4.9338E-5
-1.1751E-4
1.2760E-4
9.9331E-5
2.1058E-4
-3.3528E-6
2.2314E-4
1.1089E-4
2.1011E-5
3.3787E-3
1.1821E-4
-3.7283E-5
-1.0818E-5
-4.4778E-5
1.1837E-4
8.8170E-5
1.2028E-4
6.5565E-5
-6.8933E-5
3.6925E-5
2.1794E-4
-7.5959E-6
-5.8558E-5
-9.8199E-6
-4.5337E-6
5.4788E-5
-1.9461E-4
-6.7487E-5
1.5958E-4
1.5218E-4
-7.1928E-5
3.5822E-5
1.9549E-4
1.1541E-4
3.0414E-4
9.6783E-5
-2.1423E-4
1.8341E-4
1.9233E-4
-2.1293E-4
-2.8446E-4
3.4596E-4
-3.5869E-4
-2.8510E-4
-4.0294E-4
4.0531E-4
-3.9451E-4
2.2820E-4
1.2425E-4
8.7030E-5
2.5938E-4
2.3394E-4
5.1799E-4
6.2378E-4
-2.8163E-6
3.6655E-4
-9.7141E-5
-5.1112E-4
-7.7230E-4
-4.0461E-4
6.5447E-4
-6.6485E-4
8.6774E-4
-2.4475E-4
-6.7529E-4
6.3838E-4
-1.4248E-4
-2.3854E-4
1.7896E-5
-6.4658E-4
5.9819E-4
7.7732E-5
-3.6292E-5
6.3967E-5
7.9967E-5
7.2442E-5
6.1978E-5
-2.0821E-5
2.4904E-5
-2.1277E-4
-9.5256E-5
-5.9620E-5
-1.8274E-4
2.3611E-5
-4.2267E-5
1.0269E-4
2.1085E-6
-5.4620E-5
-1.5009E-4
-1.2227E-4
-4.8652E-6
2.2203E-6
-8.6136E-5
6.2853E-5
-2.7388E-5
4.0643E-5
3.6299E-5
-2.3931E-5
2.0258E-4
1.4752E-6
5.7213E-5
-6.7085E-5
6.8195E-5
5.6431E-5
-7.5251E-6
-5.5373E-5
-1.4260E-5
4.2439E-5
1.8135E-5
-9.3281E-6
8.6620E-5
7.1958E-5
-1.1443E-4
-1.2745E-4
-1.9579E-4
1.7837E-5
5.6267E-5
-1.8969E-5
-3.1053E-4
1.6119E-4
-3.4969E-4
-1.8395E-4
-4.6313E-5
1.0907E-4
9.9406E-5
-6.0774E-5
-9.4756E-5
1.2882E-4
9.1504E-5
2.2933E-5
-1.4325E-4
-7.5884E-6
-2.3287E-5
1.9863E-5
1.0274E-5
-7.6778E-5
-2.9415E-5
1.2256E-4
-1.6522E-4
6.2257E-5
-8.4750E-5
-3.3110E-5
9.6545E-5
-2.1756E-6
1.1954E-4
-1.8544E-5
-3.9652E-5
-1.9745E-4
-5.1148E-5
-6.4373E-5
-8.2478E-6
-5.7630E-5
5.0068E-5
7.2248E-5
1.2785E-5
-4.4227E-5
2.8372E-5
-1.5363E-4
9.4250E-5
3.0875E-5
-4.5300E-6
3.3945E-5
1.4484E-5
-2.0519E-5
-1.7418E-4
-2.2471E-4
1.8187E-4
-1.5222E-4
1.0155E-4
-6.8471E-5
-3.2631E-4
8.4192E-6
-7.6190E-5
7.8395E-5
-1.0923E-5
8.8356E-5
2.3961E-4
-6.1192E-5
4.3567E-5
-4.8880E-5
5.7276E-5
1.6400E-4
2.8382E-3
-2.5436E-5
-5.4978E-5
1.0327E-4
1.6831E-4
1.4985E-4
2.0564E-4
5.5447E-5
1.2584E-4
1.3461E-4
1.3545E-4
6.8985E-5
6.9596E-5
2.4100E-4
2.8283E-3
5.3756E-5
8.1882E-5
1.1735E-5
3.8251E-5
8.4564E-6
3.9101E-5
2.8191E-4
-8.6181E-5
6.3837E-5
-1.0826E-5
1.1125E-4
1.0939E-4
1.8437E-4
-6.9365E-5
1.3424E-4
1.7530E-4
-1.4691E-4
5.9798E-5
7.9289E-5
1.3535E-4
3.4007E-4
-1.4833E-4
6.5386E-5
-7.0721E-5
2.0947E-4
-2.8390E-4
-1.2578E-4
-1.1003E-4
-4.4003E-5
7.1675E-6
1.5301E-4
1.5482E-4
6.9443E-5
-5.8722E-5
1.3327E-4
1.8095E-4
3.7011E-5
1.3564E-4
-2.1942E-5
2.9769E-5
1.1783E-4
1.0684E-4
-6.6534E-6
5.6274E-5
-1.4439E-5
1.0245E-4
2.9713E-5
1.4228E-4
1.0613E-4
1.5676E-5
-3.7640E-5
-5.1931E-6
-5.3890E-5
-2.3820E-5
-6.4202E-5
-3.5964E-5
1.2549E-4
3.6702E-5
-7.6510E-5
1.7111E-4
-8.4415E-6
-1.5247E-4
5.5134E-6
-1.0908E-4
-2.0802E-5
-1.6162E-4
-1.2383E-5
2.3395E-5
-3.2485E-6
1.1781E-4
7.1451E-5
1.1070E-4
7.6413E-5
-1.2423E-4
5.3808E-5
-1.6555E-5
-1.6749E-5
-1.1112E-4
-1.4739E-4
-2.1443E-5
2.9638E-5
8.8543E-5
-1.4424E-5
-2.7183E-5
7.4506E-5
1.0523E-4
1.5178E-4
2.2617E-4
2.4335E-4
1.8362E-4
9.7714E-6
7.5709E-5
-2.1487E-5
6.6444E-5
-1.6355E-4
3.5010E-5
2.3827E-5
2.4110E-5
7.0289E-5
-1.1265E-4
1.2695E-4
8.2351E-5
1.2162E-4
4.1977E-5
1.1663E-4
2.1848E-4
4.9591E-5
1.4796E-4
2.7515E-5
5.2497E-5
4.4644E-5
9.5583E-5
2.1791E-4
1.2170E-4
7.0021E-5
1.5378E-5
1.8865E-4
-2.8983E-5
3.0100E-6
1.2119E-4
-8.4668E-5
9.3654E-5
7.6979E-5
6.6131E-5
5.2363E-4
1.8263E-4
1.1589E-4
-3.3379E-6
1.4663E-5
6.9216E-5
2.5079E-4
6.8858E-5
2.7299E-5
3.0950E-4
6.0912E-5
7.2718E-6
1.2127E-4
2.2249E-4
1.1061E-4
5.6200E-5
2.1483E-4
5.7492E-5
8.4318E-5
2.9161E-3
8.4713E-5
-1.4731E-4
-6.2659E-6
1.3070E-4
-1.2480E-4
1.8314E-5
-3.9026E-5
1.6674E-4
7.9125E-5
9.1396E-5
5.3704E-5
2.1107E-4
-6.8039E-5
1.0625E-4
7.1593E-5
1.3319E-4
1.1383E-4
-2.2426E-6
1.5140E-4
1.1111E-4
1.6990E-4
2.6144E-5
-3.2954E-5
-5.9247E-5
1.0927E-4
1.0155E-4
3.1644E-3
-1.2130E-5
7.4968E-5
3.5584E-5
-8.2180E-5
3.2961E-5
-1.6509E-4
-1.3809E-4
1.7031E-4
-4.9174E-7
-7.7397E-5
-4.7877E-5
6.8724E-5
-1.5511E-4
8.4072E-5
-2.5719E-5
9.3848E-5
-1.2527E-4
1.5737E-4
-1.5046E-5
-1.9030E-4
1.5479E-4
-2.2676E-5
6.7838E-6
-2.0131E-5
-3.5280E-4
-1.0584E-4
8.9630E-6
-3.0026E-6
-3.1628E-5
2.0362E-4
-8.0720E-5
-2.3523E-4
8.4214E-5
9.7759E-5
1.0773E-4
2.4985E-4
7.5817E-5
1.4533E-4
-6.8061E-5
-6.8247E-6
2.4885E-5
-1.1173E-4
-1.6487E-4
-2.9020E-5
-1.6643E-4
1.1013E-4
-1.3781E-4
-2.3665E-4
2.0228E-4
1.5754E-4
-2.1136E-4
-6.2510E-5
8.0854E-5
9.1508E-5
-1.9686E-4
-1.8074E-4
-3.4250E-4
-9.5695E-5
4.0555E-4
4.3823E-4
1.4244E-4
1.5312E-4
-2.5134E-4
2.9154E-4
2.8178E-5
5.3644E-7
5.4044E-4
-1.7164E-4
2.6444E-4
9.5494E-5
1.1514E-4
9.2454E-5
3.0518E-5
7.9170E-5
2.7061E-4
2.6972E-4
1.6562E-4
9.5904E-5
2.6502E-4
1.5140E-4
1.0949E-4
4.9248E-6
1.9744E-6
-1.7248E-5
-3.2328E-5
1.5327E-4
5.1133E-5
-1.5862E-5
1.1176E-7
5.8420E-5
-3.3461E-5
2.2903E-5
1.4275E-5
8.3894E-5
1.8825E-4
1.9074E-4
6.4403E-5
1.9372E-7
1.4427E-4
-1.7241E-5
1.4733E-4
-1.1455E-4
-1.9312E-5
3.6189E-4
-1.2815E-6
-8.3163E-5
-3.5778E-5
4.9710E-5
-7.9930E-5
3.0111E-4
-2.3440E-5
-2.4021E-5
1.5341E-4
1.1384E-4
1.7449E-4
-1.2062E-4
9.8258E-5
4.5195E-5
-2.4919E-4
3.3798E-4
3.3211E-5
-9.1285E-5
-4.4011E-5
2.3462E-4
2.6572E-4
1.4713E-4
5.3101E-4
-3.0708E-4
1.4186E-4
2.7872E-4
5.7924E-4
-2.6464E-4
1.2255E-4
4.0130E-4
3.9892E-4
6.9067E-5
4.6726E-4
-5.5145E-4
-5.2333E-4
-2.7882E-4
3.3349E-4
-3.7736E-4
4.7924E-4
-2.5357E-4
-5.3622E-5
-5.1992E-4
3.8280E-4
4.3780E-5
2.5223E-4
1.9410E-4
1.9678E-4
-4.0144E-5
-5.1618E-5
-2.5983E-4
-2.2955E-4
-2.6906E-4
3.3432E-4
2.6283E-4
-4.0439E-4
-2.3831E-4
1.7211E-5
3.1699E-4
-5.4543E-4
1.5806E-4
2.1106E-4
-1.2624E-4
3.8967E-5
-3.1941E-4
7.0035E-6
2.5451E-5
-4.5836E-5
-5.9120E-6
1.5710E-4
-2.3320E-5
6.4932E-5
1.2560E-4
-3.4906E-6
-7.1723E-5
7.7255E-5
5.1521E-5
2.4048E-4
-4.0464E-5
9.7804E-5
-5.0232E-5
1.5209E-4
1.9839E-4
-1.1981E-4
7.4066E-5
1.5199E-6
-8.2321E-5
9.0554E-5
-1.6759E-4
-1.7159E-5
-5.6177E-6
8.6926E-5
4.0941E-5
1.7350E-4
4.8757E-5
6.6832E-5
2.6010E-5
-9.8638E-5
-9.1679E-5
2.9363E-5
2.1312E-4
2.8915E-3
1.0493E-4
-1.5639E-4
2.6524E-6
8.5369E-5
5.0694E-5
-5.5432E-6
5.7623E-5
-5.9858E-5
8.9377E-5
5.4568E-5
-5.7578E-5
2.3201E-5
2.9074E-3
2.7043E-3
-1.2772E-4
-4.7445E-5
1.0054E-4
-1.2313E-4
1.0065E-4
1.2012E-4
2.8197E-3
9.7204E-5
-1.5446E-4
1.1015E-4
-1.5375E-4
1.2431E-4
2.6088E-4
1.3235E-4
3.6512E-5
3.1993E-4
5.6893E-5
-1.3143E-5
2.3067E-5
-1.4775E-5
-4.4256E-5
1.0526E-4
8.9362E-5
4.5732E-5
1.6086E-5
1.4208E-4
-7.5698E-5
-8.3178E-5
-1.5804E-4
1.2404E-4
-5.0128E-5
-4.3266E-5
7.1011E-5
1.6268E-4
1.6889E-4
2.6755E-5
4.8801E-5
1.6823E-5
0.0000E+0
3.3513E-5
6.5699E-5
1.3834E-4
-1.4901E-5
8.6904E-5
-2.2948E-6
-1.9352E-4
2.4475E-4
-8.7515E-5
1.1981E-4
-1.2709E-4
1.7019E-4
1.1516E-4
1.1803E-4
1.8215E-4
6.5416E-6
1.8285E-4
-9.0159E-5
1.4959E-4
7.1373E-5
1.4377E-4
-1.1537E-5
-8.4929E-5
2.0999E-4
-1.3690E-5
2.1721E-4
3.4191E-5
2.5819E-4
1.5914E-4
7.7121E-5
8.9757E-5
-3.4496E-6
2.0612E-4
2.2571E-4
1.4143E-4
2.8077E-4
9.1344E-5
1.1992E-4
2.9173E-4
-5.6922E-5
1.6724E-4
-6.0454E-5
4.4122E-5
1.3608E-4
1.0967E-4
1.4170E-4
-2.5301E-4
1.4701E-4
1.4139E-4
3.4039E-3
-1.9923E-5
2.3803E-4
7.6920E-5
7.8917E-5
-1.2293E-4
1.3298E-4
-6.8411E-5
5.7966E-5
6.6459E-6
-2.2012E-4
1.4357E-4
-5.6878E-5
6.6593E-5
-4.3899E-5
1.0428E-4
-2.0385E-5
-1.1605E-4
1.2061E-4
-1.0990E-4
-4.0818E-5
-3.0451E-5
1.2975E-5
1.0380E-4
4.4461E-5
4.4793E-5
7.2930E-5
6.8434E-6
6.4313E-5
2.8148E-5
-4.4063E-5
-1.4415E-4
2.2024E-5
3.0324E-6
-3.9265E-5
-1.7732E-4
6.9395E-5
-1.0503E-4
6.4805E-5
-1.3158E-4
1.2142E-4
4.1358E-5
6.6608E-5
7.8768E-5
1.4245E-4
-1.7427E-5
-9.4049E-5
5.7347E-5
-2.1823E-5
-1.0122E-4
2.8245E-5
8.0764E-5
-1.3167E-4
2.5081E-3
5.2452E-6
2.4889E-3
0.0000E+0
2.5071E-3
1.4320E-4
9.7111E-5
-5.6714E-5
-2.2060E-4
-3.9175E-5
2.0738E-4
-1.5056E-4
1.2983E-4
-8.1405E-5
-1.8075E-5
7.3984E-5
4.7490E-5
-1.4827E-5
-8.7038E-5
-1.4187E-4
-2.6405E-5
1.6324E-5
-7.2584E-5
1.5312E-4
4.4093E-5
-7.6786E-5
1.8873E-4
1.3894E-4
1.0793E-4
-1.0889E-5
1.3382E-4
-2.4363E-6
1.1072E-5
-2.4348E-5
-8.0734E-5
2.7366E-5
4.3459E-5
-8.8274E-5
-6.4224E-5
-1.2290E-4
1.3922E-4
6.6139E-5
4.7706E-5
-1.7837E-5
6.8642E-5
-4.6387E-5
-2.9892E-5
-8.2910E-5
7.8864E-5
1.4612E-4
-5.2795E-5
2.7414E-3
7.5668E-5
3.1859E-5
1.3064E-4
1.9969E-4
4.0933E-5
-3.5986E-5
-1.1963E-4
9.5829E-5
-1.5065E-5
-1.8716E-4
-5.0664E-5
2.6857E-3
1.7557E-4
2.4050E-5
-2.0623E-5
1.0099E-4
-1.1638E-4
-8.7321E-6
-7.8663E-5
-1.4557E-4
-1.5121E-4
-1.6717E-4
-1.4219E-5
2.4568E-5
1.0632E-4
9.5133E-5
-5.1923E-5
-1.0419E-4
6.9372E-5
-5.4985E-6
-9.0733E-5
-1.1835E-4
1.5818E-4
8.4922E-5
-1.3702E-4
9.9503E-5
4.6559E-5
7.1995E-5
1.2860E-5
-8.2746E-5
6.7271E-5
3.3975E-6
-9.1605E-5
-3.7208E-5
1.4223E-5
2.8655E-5
-1.6846E-5
1.1578E-5
1.3009E-4
-7.4506E-9
6.5744E-5
9.6187E-5
2.0020E-4
7.1913E-5
8.0422E-5
9.2089E-5
5.5760E-5
-2.5734E-5
1.5041E-4
1.6296E-4
4.4160E-4
2.5886E-4
-2.0547E-4
-1.3933E-4
6.5356E-5
1.6472E-4
6.3449E-5
7.5698E-5
-5.6893E-5
-4.2051E-5
-5.8368E-5
6.6664E-5
-5.9403E-5
8.6457E-5
4.6007E-6
7.0009E-5
1.0407E-4
6.5427E-5
1.2422E-4
1.2835E-4
-1.0457E-5
1.0337E-4
1.4059E-4
1.8346E-4
-6.7048E-5
8.3119E-5
3.0798E-4
2.9892E-3
3.5122E-5
1.3155E-4
2.1257E-4
-5.2243E-5
1.5147E-5
1.7435E-4
5.1022E-5
4.6745E-5
8.4653E-5
1.4903E-4
3.4273E-5
-1.2092E-5
3.6940E-5
1.2473E-4
-7.2718E-6
2.7701E-5
1.0385E-4
1.7482E-4
5.0500E-5
7.7590E-5
1.5788E-4
1.0395E-4
-1.2313E-4
9.4771E-6
2.6250E-4
2.0385E-5
8.8826E-5
7.6294E-6
2.1234E-5
-1.2849E-4
1.1466E-4
1.9482E-4
1.4995E-4
5.6043E-5
1.0526E-4
2.3869E-4
1.0623E-4
5.6140E-5
-2.0682E-4
-4.8023E-5
1.1662E-4
3.1111E-4
6.1363E-5
2.4361E-4
5.3607E-5
2.1964E-5
2.0210E-4
1.7728E-4
-3.0443E-5
2.0124E-5
1.0864E-4
2.8990E-5
2.5161E-5
-8.9064E-5
5.6982E-5
1.4157E-4
-2.4483E-5
1.5304E-4
2.1420E-4
1.7196E-5
8.7507E-5
1.2665E-4
2.5980E-5
1.3396E-5
-1.8652E-4
1.0595E-4
1.2670E-4
-1.3438E-4
4.7088E-6
7.8738E-5
2.0786E-4
2.0444E-5
1.5208E-4
1.8865E-5
-7.8216E-5
1.4561E-4
-3.7089E-5
1.7646E-4
2.7682E-4
2.3945E-4
1.4459E-4
-3.9220E-5
1.4603E-6
1.9731E-4
-4.0159E-5
3.1229E-3
1.4436E-4
-1.7483E-5
1.4532E-4
-1.1127E-5
9.9368E-5
1.7602E-4
4.7803E-5
9.9923E-5
3.4440E-5
8.5421E-5
3.5793E-5
7.3876E-5
-1.3269E-5
-9.4399E-6
7.1377E-6
5.4047E-5
-4.4286E-5
1.6398E-4
-8.1152E-5
2.5153E-5
6.5267E-6
-6.4000E-6
3.0696E-6
1.4399E-4
3.5137E-5
-1.1124E-4
-5.8241E-5
-3.5763E-7
1.2898E-4
8.7686E-5
9.5285E-5
1.9178E-5
1.0087E-4
-1.8224E-5
1.9684E-5
-8.8096E-5
9.3997E-5
1.5226E-4
6.8948E-5
1.1687E-4
1.4418E-4
3.8102E-5
1.7048E-4
8.8558E-5
-3.6161E-4
-3.7223E-5
2.1635E-4
-4.9159E-5
-4.3571E-5
-3.8907E-5
1.6853E-4
1.5110E-5
-1.7434E-5
-1.0300E-5
1.5625E-4
1.3035E-5
6.5878E-5
1.0270E-4
-1.0822E-5
6.3866E-5
2.1774E-5
2.2601E-3
1.1765E-4
1.2282E-4
1.5711E-4
4.2811E-5
6.4254E-5
3.7894E-5
1.7419E-4
1.9319E-5
2.4145E-4
1.4745E-4
6.6660E-5
1.7601E-4
2.6882E-4
8.0369E-5
2.4115E-4
1.7691E-4
-1.4103E-4
1.4628E-4
4.7132E-5
2.0108E-4
9.5315E-5
4.3646E-5
1.5488E-4
8.3253E-5
2.4684E-3
6.9514E-5
1.2818E-4
1.4184E-4
1.3322E-5
3.6433E-5
-2.1607E-5
6.8977E-5
4.3437E-5
-1.3813E-5
-4.8324E-5
9.4473E-6
-2.8312E-6
-1.6391E-5
2.2784E-5
2.7800E-4
1.2323E-4
2.5719E-5
9.0137E-5
-2.5529E-5
1.3604E-4
5.6081E-5
1.3024E-4
1.1924E-4
2.5176E-5
-1.7695E-5
5.0634E-5
9.5576E-5
2.7455E-6
1.4366E-4
2.2658E-4
-4.2088E-5
-3.5740E-5
2.5389E-4
1.9498E-5
4.2416E-5
3.3326E-5
1.0907E-4
1.4380E-6
1.0604E-4
2.4606E-4
-5.5335E-5
1.1744E-4
9.3736E-5
2.0050E-4
8.0131E-5
9.9689E-5
1.9915E-5
8.4661E-5
7.3053E-5
7.7091E-5
1.0431E-7
1.8829E-4
5.5656E-5
-1.0325E-4
1.5147E-4
1.8184E-4
1.2106E-4
5.8040E-5
2.0039E-4
2.3147E-4
4.0802E-4
-1.3594E-4
-8.2999E-6
4.1455E-5
3.6731E-5
7.1481E-5
1.1165E-4
1.1587E-4
6.6996E-5
1.2344E-4
2.1306E-4
3.7435E-5
2.2812E-4
2.1382E-4
9.5014E-5
-3.7763E-5
8.2597E-5
2.2091E-5
2.2464E-4
1.2394E-4
1.1858E-4
1.1911E-4
9.7901E-5
6.2823E-5
1.3567E-4
-4.5009E-5
-1.2204E-5
4.0583E-5
1.7425E-4
7.9505E-5
9.3862E-5
8.1502E-5
7.3612E-5
-1.0426E-4
8.1807E-5
-8.2403E-6
2.6964E-3
3.6225E-5
2.4533E-3
1.6227E-4
1.0520E-4
-1.0043E-4
-3.2842E-5
-5.0068E-6
1.5400E-4
3.4273E-5
-5.6505E-5
-3.2678E-5
2.0806E-4
3.7968E-5
1.1212E-4
6.6993E-4
2.2911E-4
-1.2249E-5
8.4385E-5
-8.3566E-5
8.1509E-5
1.0268E-4
-6.3688E-5
6.1646E-5
-1.4299E-4
2.5097E-3
-7.4543E-6
-9.7454E-6
7.2960E-5
1.0978E-4
-1.9912E-5
7.8246E-5
1.1577E-4
1.5835E-4
6.2704E-5
2.0755E-4
3.8594E-5
1.9518E-4
2.3581E-4
1.2722E-4
8.8200E-5
1.9982E-4
6.6690E-5
4.6074E-5
3.0293E-3
7.1526E-5
5.0046E-5
7.9460E-5
1.7246E-4
1.7655E-4
8.9571E-5
6.7882E-5
1.0109E-4
1.4518E-4
1.8843E-4
1.4295E-4
2.1023E-4
7.1183E-5
1.1924E-4
1.9094E-4
6.1125E-5
9.4876E-5
-6.8620E-5
3.0825E-4
-6.1706E-5
1.6540E-5
7.8082E-5
-9.8854E-5
-1.7692E-4
3.4271E-4
1.1784E-4
6.5073E-5
3.5152E-5
0.0000E+0
2.7274E-4
1.7349E-4
3.0704E-4
6.5729E-5
8.6464E-5
1.1928E-4
2.4244E-5
7.0557E-6
1.0499E-4
1.6924E-5
-6.6333E-5
5.1782E-6
-3.3595E-5
1.8121E-4
2.8633E-5
8.9623E-5
4.2476E-5
1.4570E-4
8.4430E-5
1.8431E-4
2.4765E-4
-7.3083E-5
7.0766E-5
7.9721E-5
1.8597E-4
1.7202E-4
1.1967E-4
1.3125E-4
1.3603E-4
7.2598E-5
1.6570E-5
1.8011E-4
7.2032E-5
-1.3396E-4
2.0483E-4
1.4648E-5
-5.6401E-5
7.5981E-5
2.8777E-3
-7.0214E-5
3.8370E-5
8.6263E-5
2.3335E-5
8.7485E-5
3.1383E-3
9.4786E-5
-7.9960E-5
-1.3351E-4
2.5392E-4
-8.5652E-5
-5.7071E-6
-3.6180E-5
-1.1568E-4
-6.3926E-6
8.1748E-5
-4.2722E-5
1.0249E-4
8.7596E-5
9.4123E-5
2.1997E-4
2.7745E-4
7.7732E-5
1.6969E-4
1.3695E-4
2.3004E-4
6.2697E-5
1.3712E-4
-4.5471E-5
1.0535E-4
1.6078E-4
1.9108E-4
7.7575E-5
3.1814E-5
2.7708E-4
2.6807E-5
6.8322E-5
5.3622E-5
3.9414E-5
4.9844E-6
-4.9435E-5
3.0281E-3
1.9051E-5
8.6993E-5
3.2492E-5
1.4203E-4
1.4143E-4
3.4720E-5
1.1186E-4
2.1371E-4
4.4569E-5
-3.5614E-6
2.9370E-5
1.7896E-5
3.4034E-5
7.5310E-5
9.1597E-5
1.1425E-4
-1.5453E-5
-1.2949E-5
-2.0355E-5
7.1287E-5
1.3113E-4
-5.3480E-5
1.3870E-4
5.1290E-5
2.4821E-4
1.7343E-4
2.2735E-4
1.4399E-4
-8.1569E-5
1.0315E-4
3.9708E-5
2.5883E-4
4.0710E-5
1.2644E-5
8.8155E-5
1.4387E-4
3.0831E-3
8.3055E-5
1.2539E-4
1.3663E-4
-4.9129E-5
3.7566E-5
1.5099E-4
1.3369E-4
5.8137E-5
5.7727E-5
-2.6681E-5
-4.2923E-5
3.8892E-5
1.1096E-4
-1.1785E-4
2.8454E-5
1.6649E-4
-2.7493E-6
6.4224E-5
-2.8871E-5
2.5643E-4
1.0225E-4
-1.3348E-4
1.2428E-4
1.0675E-4
1.3173E-5
-1.0222E-5
4.5344E-5
1.2189E-4
6.5222E-5
-2.5675E-5
-2.8625E-5
1.5666E-4
5.5154E-4
5.5447E-5
5.0783E-5
-5.5030E-5
2.6524E-4
7.5519E-5
8.4758E-5
1.3481E-4
-5.7578E-5
2.2963E-5
2.8041E-4
1.9842E-4
2.4608E-4
2.5620E-4
1.3593E-4
2.2039E-4
2.0690E-4
1.3611E-4
2.2859E-3
3.1922E-4
1.3937E-4
1.6676E-4
1.8073E-4
1.9206E-4
1.8374E-4
2.8109E-4
9.9570E-5
1.5982E-4
1.2941E-4
6.7733E-5
1.7319E-4
1.7022E-4
1.4018E-4
1.5399E-4
3.9048E-5
1.6391E-5
2.5170E-3
7.4096E-5
1.5851E-4
-7.8455E-6
2.1721E-4
2.3997E-3
7.5996E-7
1.7148E-4
1.2435E-4
2.7269E-6
1.3940E-4
5.8800E-5
2.1042E-4
8.2850E-5
7.0974E-5
3.2276E-5
1.4129E-4
1.7264E-4
1.7372E-4
1.8620E-4
3.8087E-5
1.0101E-4
-7.9602E-5
1.6378E-4
2.1899E-4
1.6515E-4
1.9564E-4
-8.6367E-5
2.3335E-3
6.2179E-5
-1.6402E-5
2.5265E-4
5.0731E-5
-4.3910E-5
1.4168E-4
1.3299E-4
1.6671E-4
-1.1110E-4
3.5388E-4
-1.1943E-5
1.7746E-4
1.0319E-5
8.9571E-5
1.8871E-4
1.9935E-4
2.7965E-4
1.5773E-5
1.2100E-4
1.1670E-4
3.0801E-4
2.4707E-4
2.0954E-4
-2.1100E-5
4.5419E-5
4.3541E-3
1.6551E-4
2.1821E-4
-1.5274E-5
2.8193E-5
-7.4327E-5
2.7156E-4
1.1131E-4
2.6757E-4
2.2636E-4
1.4654E-4
1.5439E-4
1.3480E-4
1.6050E-4
3.8311E-5
1.1863E-4
1.8315E-4
2.6165E-4
9.4697E-5
-2.2337E-5
-5.8934E-5
3.0658E-4
2.8943E-4
9.0212E-5
2.9635E-5
5.3938E-5
6.7897E-5
1.6571E-4
3.3088E-5
-8.3819E-7
8.4639E-5
2.4610E-4
2.4319E-5
2.1482E-4
2.9096E-4
2.1823E-5
9.7513E-5
2.3451E-4
1.0075E-4
-4.8779E-5
1.6356E-4
6.1259E-5
-1.1715E-4
1.3220E-4
2.3700E-5
-5.8882E-5
2.9974E-5
1.4876E-4
2.6467E-4
1.5311E-4
6.2093E-5
9.1620E-5
1.3769E-4
6.7055E-6
-1.3113E-6
3.6904E-4
1.1338E-4
-7.2703E-5
6.2868E-5
5.7071E-5
2.6593E-4
1.5947E-4
8.3029E-5
1.0334E-4
2.5405E-4
-3.5912E-6
1.6302E-5
1.9975E-4
1.0955E-4
1.7308E-4
2.3660E-4
1.1471E-4
3.1263E-4
1.9583E-4
1.3840E-4
3.9101E-5
1.1903E-4
2.4251E-4
1.5118E-4
1.0197E-4
1.7444E-4
1.9332E-4
1.7792E-4
1.4520E-4
2.6616E-3
1.8151E-4
1.1896E-4
2.2943E-4
1.0403E-4
3.0269E-4
2.3059E-4
1.8570E-4
2.4114E-4
1.4861E-4
1.2904E-4
2.0956E-4
-1.6258E-4
4.7728E-5
-6.9439E-6
8.1949E-5
1.5488E-4
1.9881E-4
9.4779E-5
9.8899E-5
2.2879E-4
-1.7338E-5
3.4571E-6
2.9645E-3
8.7023E-6
1.9865E-4
1.2746E-4
2.9869E-3
2.0400E-5
6.3851E-5
1.7972E-4
8.5846E-5
1.5931E-4
1.0759E-4
1.5488E-4
1.5958E-4
2.4885E-5
1.5084E-4
2.0522E-4
1.1440E-4
-4.8846E-5
2.0190E-4
8.8021E-5
2.4796E-4
2.5669E-4
1.2428E-5
1.2593E-4
-8.7511E-5
2.1645E-4
2.8368E-3
1.5556E-4
1.4989E-4
3.0513E-4
1.0967E-4
8.8941E-5
3.1856E-4
1.2111E-4
-2.6219E-5
1.5840E-5
3.2137E-4
2.0651E-4
3.0231E-3
1.3746E-4
1.7402E-4
2.9293E-4
1.8167E-4
2.2539E-4
1.8332E-4
1.7247E-4
1.6543E-4
2.7145E-4
1.7755E-4
2.1213E-4
2.2875E-4
2.4599E-4
1.6473E-4
2.1639E-4
1.4623E-4
1.9404E-4
2.2084E-5
1.3605E-5
1.7582E-4
2.8642E-4
4.0486E-5
4.4107E-5
1.7405E-5
5.1260E-5
3.3249E-4
3.0813E-4
2.5247E-4
3.8743E-5
1.3688E-4
9.9286E-5
2.6050E-4
2.5547E-4
1.8921E-4
2.5358E-5
1.4545E-4
1.4777E-4
2.2455E-4
1.3322E-4
1.4991E-4
1.0209E-4
1.8110E-4
4.2278E-5
1.7820E-4
-2.2084E-5
-3.2239E-5
2.5742E-4
2.9173E-4
1.4366E-4
2.8320E-5
2.5367E-4
2.8508E-4
-4.7401E-5
2.1178E-4
-1.7261E-4
-1.9853E-4
9.2708E-5
9.8214E-5
1.0616E-4
-1.2270E-4
1.3001E-4
2.7085E-4
1.2085E-4
3.0749E-4
2.0950E-4
2.7518E-4
2.9901E-4
1.3745E-4
4.7207E-5
2.9072E-5
-5.0217E-6
2.0997E-4
1.2746E-4
1.8628E-4
1.2572E-4
1.1005E-4
8.6054E-5
4.3775E-4
1.4976E-4
8.6829E-5
-8.4132E-5
2.7534E-4
1.1563E-4
-1.3724E-5
1.1486E-4
1.9535E-5
1.4846E-4
1.2517E-4
1.6010E-4
1.6884E-4
6.2667E-5
1.4936E-4
1.1253E-4
7.7467E-5
8.3789E-5
1.0392E-4
1.8863E-4
-1.5557E-5
1.7743E-4
2.1850E-4
1.5875E-4
-4.5359E-5
1.4644E-4
1.4812E-4
1.7513E-4
6.3777E-5
2.0748E-4
2.4413E-3
1.9836E-4
1.8068E-4
3.6153E-4
1.4378E-4
4.5262E-5
2.4773E-3
1.5338E-4
1.2569E-4
9.6612E-5
5.1230E-5
1.5274E-4
7.7590E-5
1.1444E-5
-4.3958E-6
1.1382E-4
1.9342E-4
1.3465E-4
1.2475E-4
2.1666E-5
2.0225E-4
1.1596E-4
2.1663E-4
4.7475E-5
2.3523E-4
3.5611E-4
2.1389E-4
7.5459E-5
3.9160E-5
1.3407E-4
1.8787E-4
1.8211E-4
1.5177E-5
3.6433E-5
-6.0126E-5
-1.4879E-5
1.4880E-4
1.6562E-4
7.7754E-5
7.7296E-5
2.7636E-4
1.1567E-4
-2.7947E-5
4.7728E-5
1.9594E-4
6.5021E-5
2.4859E-4
-4.4487E-5
2.3931E-5
1.5479E-4
2.3881E-4
3.5390E-5
-3.7849E-6
1.9831E-4
-2.6539E-5
2.5941E-3
-6.2436E-6
4.4398E-5
-1.5885E-5
-6.3094E-4
1.9327E-5
6.5289E-5
3.0458E-5
-1.1027E-5
1.4646E-4
1.8780E-4
-2.6822E-6
1.9613E-4
1.2776E-4
2.1617E-4
5.2035E-5
-2.4304E-5
2.1915E-4
2.1100E-5
2.2176E-4
7.2539E-5
-9.8303E-5
1.3407E-4
1.7661E-4
-2.7239E-5
1.0611E-4
8.1658E-5
1.0259E-4
7.5828E-5
-9.8009E-5
-5.4799E-6
1.0495E-4
1.1243E-4
6.1404E-5
4.5121E-5
-8.2877E-5
6.0920E-5
1.4294E-4
5.1308E-5
9.3319E-5
-9.7379E-6
4.8295E-5
2.5586E-3
3.2067E-5
3.0772E-4
1.2713E-4
8.0377E-5
2.1897E-4
-6.4000E-5
-1.1951E-5
-1.5497E-6
8.5294E-5
3.1605E-5
8.7060E-5
2.3030E-4
-9.1642E-6
9.3825E-5
1.2082E-4
2.0482E-5
3.1322E-5
9.5293E-5
1.4786E-4
1.6405E-4
1.6738E-4
2.0581E-4
1.3493E-4
3.2768E-5
2.0859E-4
-1.0435E-4
6.3777E-5
1.5827E-4
2.1927E-4
1.2837E-4
2.4025E-4
-6.2376E-5
1.8393E-4
-3.6299E-5
8.1420E-5
1.5290E-4
9.8109E-5
2.1724E-4
6.2145E-5
2.4867E-4
1.4910E-4
1.2119E-4
6.3099E-5
5.2694E-5
8.1565E-5
-7.7724E-5
2.2549E-5
1.8664E-5
1.1331E-4
3.0002E-4
8.5495E-5
-2.5481E-6
8.5399E-5
3.1777E-4
5.6818E-5
-8.9139E-5
-1.4246E-5
1.5421E-4
-2.7478E-5
9.8310E-5
2.7814E-4
3.0503E-5
2.7642E-5
-8.5510E-5
1.7694E-4
1.9160E-4
1.2256E-4
-3.0428E-5
1.8877E-4
8.0451E-5
3.1188E-5
-4.0874E-5
1.8030E-6
5.8994E-5
-6.3911E-5
4.6194E-5
1.1042E-5
-3.0413E-5
1.6826E-4
-1.0468E-4
-2.4632E-5
2.1751E-4
1.7247E-4
-8.9243E-5
7.8201E-5
1.6734E-5
-2.6584E-5
1.0321E-4
1.3146E-4
2.7334E-4
-6.2920E-5
9.3933E-5
2.3267E-4
8.8461E-5
1.4389E-4
2.3226E-4
1.4436E-4
3.7178E-6
4.4160E-5
1.3306E-4
1.3575E-5
6.9991E-5
-3.1374E-5
-1.3578E-4
4.9099E-5
7.1764E-5
-3.4891E-5
6.3069E-5
9.7267E-5
2.8660E-4
9.6604E-5
2.9355E-5
1.7431E-4
1.6262E-4
8.8364E-6
1.1517E-4
-1.4337E-4
1.0273E-4
5.1662E-5
1.2432E-4
1.4845E-4
5.3823E-5
6.5714E-6
1.8404E-4
8.5875E-5
5.9023E-5
3.0994E-6
1.2663E-4
1.1496E-4
-1.6500E-4
-4.6447E-5
-4.2349E-5
1.7072E-4
7.9945E-5
1.7294E-4
-2.2858E-4
1.8753E-4
-2.0176E-5
4.0054E-5
2.7332E-4
-5.6341E-5
1.2196E-4
1.8386E-4
3.2708E-6
1.2532E-4
1.1405E-4
1.7989E-4
1.8899E-4
1.4041E-4
7.3798E-5
6.1840E-6
-6.5401E-5
1.4333E-4
2.0068E-4
4.6156E-5
1.3351E-4
1.0765E-4
1.4901E-8
3.0130E-3
2.4935E-4
2.9500E-4
3.4449E-4
2.5202E-4
1.5219E-4
1.2481E-4
2.3782E-4
3.2453E-4
1.1494E-4
1.2512E-4
2.0498E-4
3.3162E-4
-4.7460E-5
1.3907E-4
1.8027E-4
3.7953E-5
1.4512E-4
1.4697E-4
6.0990E-5
1.0617E-4
6.8024E-5
1.7661E-4
1.6297E-4
9.5189E-5
1.9094E-4
2.1012E-4
-7.9572E-6
1.3633E-4
3.6624E-4
1.4009E-4
-5.0813E-6
1.1653E-5
1.8571E-4
-3.0100E-5
1.2024E-4
3.2149E-6
5.6978E-5
8.5481E-5
9.3766E-6
-7.9915E-5
1.2323E-4
2.1406E-5
-1.3702E-5
-2.6923E-5
-4.8369E-5
1.4812E-5
4.7319E-5
1.1861E-4
6.5923E-5
9.3192E-5
4.4413E-5
-5.8778E-5
2.7899E-4
8.9034E-5
-1.3542E-4
2.1704E-5
1.0665E-4
-6.4559E-5
-2.6233E-5
-6.6310E-5
5.4203E-5
-2.0713E-6
5.3659E-5
-5.7966E-6
-1.7226E-5
-5.4404E-5
9.7126E-5
6.3851E-5
8.2910E-5
1.2651E-5
9.2655E-5
4.3808E-4
9.4384E-5
1.9279E-4
9.1851E-5
1.1060E-4
-9.0808E-5
3.5167E-5
3.5912E-6
8.1152E-5
-1.9439E-4
5.0202E-5
-9.4250E-5
5.5030E-5
3.1846E-3
-8.1003E-5
-3.1511E-4
-2.0476E-4
-3.1234E-4
-3.2468E-4
4.2880E-4
3.2200E-4
4.6081E-4
4.4677E-5
2.1118E-4
-1.1261E-4
1.0128E-4
1.4663E-4
-5.0142E-5
1.3305E-4
1.0863E-4
1.4292E-4
1.0408E-4
1.0928E-4
5.8018E-5
1.3082E-4
-2.2344E-5
7.4163E-5
5.1916E-5
9.2767E-5
1.3462E-4
1.0294E-4
8.8811E-6
2.9869E-5
2.2866E-5
1.6154E-4
2.5492E-3
4.6268E-5
1.3989E-4
6.3986E-5
-3.9339E-6
1.6843E-4
1.2502E-5
2.5619E-3
6.2123E-5
5.7146E-5
2.1598E-4
-2.2635E-5
1.1802E-4
2.4317E-4
1.5910E-4
6.3121E-5
1.4567E-4
1.8287E-4
1.1301E-4
2.4669E-4
3.2023E-5
2.0520E-4
1.6896E-4
1.3912E-4
1.3720E-4
-6.5565E-5
1.8057E-4
1.0575E-4
5.3447E-5
-6.3404E-6
1.1150E-4
1.2316E-4
6.5610E-5
1.0935E-4
1.3307E-4
1.3637E-4
2.8447E-4
6.9834E-5
1.5461E-4
8.3104E-5
1.7904E-4
7.1779E-5
2.5221E-3
1.3676E-4
-1.1930E-4
-4.9621E-6
2.1874E-4
1.5668E-4
1.5646E-6
8.4996E-5
1.8674E-4
-2.9400E-5
-1.4441E-4
7.6622E-5
-7.0915E-5
9.5218E-6
6.6921E-5
1.6345E-4
5.8234E-5
9.4131E-5
1.9903E-4
3.1799E-5
1.2091E-4
-4.5776E-5
-6.7219E-5
1.1989E-4
1.9331E-4
1.0464E-4
9.0763E-5
1.2460E-4
-1.5351E-4
4.9397E-5
1.9427E-4
-1.9029E-5
2.8942E-4
9.4019E-5
9.7748E-5
4.6749E-5
1.6632E-4
2.4103E-4
1.9225E-4
1.9219E-4
4.2014E-5
7.3917E-5
1.0030E-4
2.5940E-3
1.1901E-4
-5.9083E-6
4.0874E-5
-5.1878E-5
1.2547E-4
6.9551E-5
1.6940E-4
1.7641E-4
1.5206E-4
2.4373E-4
1.9635E-4
4.8280E-6
-3.6806E-5
-2.2255E-5
1.9412E-4
7.5042E-5
1.6449E-4
6.1527E-5
1.9434E-4
7.4893E-5
1.5663E-4
3.7864E-5
5.5179E-5
7.8633E-5
1.0566E-4
8.9705E-5
6.0946E-5
1.8558E-4
2.8843E-3
4.0817E-4
6.9097E-5
-9.5606E-5
1.2885E-4
1.7808E-4
2.2316E-4
3.2584E-4
7.7009E-5
1.7923E-4
-5.5581E-5
5.2989E-5
2.5374E-4
4.6130E-5
1.1325E-4
1.7567E-4
2.4495E-4
2.6051E-4
3.9902E-5
3.2131E-4
2.4452E-3
1.5219E-4
1.9218E-4
1.3585E-4
1.2343E-4
1.1465E-4
-1.3791E-5
3.4109E-4
1.2890E-4
2.8335E-4
1.5036E-4
1.1602E-4
1.3199E-4
1.9267E-5
2.9252E-4
1.6437E-4
-1.8701E-6
2.1469E-4
2.2018E-4
1.5020E-4
1.5959E-5
4.5364E-4
2.2715E-4
1.0839E-4
-7.8022E-5
1.1365E-4
2.9847E-5
1.3575E-4
-3.4004E-5
1.8820E-4
8.7321E-5
2.0532E-4
9.3073E-5
5.2753E-4
8.7634E-5
1.4186E-5
4.8757E-5
-2.8461E-5
1.2548E-4
2.1873E-4
5.5179E-5
-1.8406E-4
-1.3055E-4
-9.4950E-5
3.1302E-4
4.8549E-4
4.9483E-4
3.8268E-4
5.7910E-5
3.3661E-4
3.9165E-4
3.7932E-4
2.9064E-4
1.1858E-4
-2.9610E-4
-1.7047E-4
2.4021E-3
6.4865E-5
-4.9919E-7
-2.8337E-4
2.0127E-4
1.5293E-4
4.0290E-4
-2.9452E-4
3.3772E-4
-3.6691E-4
2.2955E-4
4.6629E-4
2.8422E-3
-1.0274E-4
-1.9019E-4
1.3310E-4
-1.1642E-4
-1.7970E-4
-1.1219E-4
-2.3648E-5
3.6386E-4
2.9801E-4
2.9622E-4
3.5715E-4
-1.3000E-4
-3.0258E-4
-1.8610E-4
8.1703E-5
2.7880E-3
1.5317E-4
-2.4989E-4
-4.6447E-5
2.8989E-4
5.5298E-4
2.3614E-4
1.8650E-4
-8.7336E-5
-3.2566E-4
1.6129E-4
-4.4093E-5
1.0488E-4
2.4132E-5
3.0175E-7
-8.9783E-5
1.7063E-4
4.3467E-5
1.4761E-4
1.0555E-4
2.0147E-4
1.8189E-4
-1.9357E-5
3.1099E-5
2.4877E-5
1.1448E-4
8.8118E-5
2.0298E-4
6.2078E-5
-2.2970E-5
2.1971E-4
8.9586E-5
2.6882E-5
-9.3877E-6
1.7845E-4
-3.2112E-6
1.7056E-4
-2.6375E-5
8.6501E-6
3.0853E-5
8.3804E-5
1.5900E-4
1.2676E-4
9.5665E-6
1.4389E-4
-5.8934E-5
1.3168E-4
1.0864E-4
8.8111E-5
-1.9783E-4
7.8827E-6
-1.1624E-4
-5.6759E-5
3.7357E-5
1.4628E-4
2.7388E-4
0.0000E+0
-2.5362E-5
6.1065E-5
9.6753E-5
-6.3226E-5
1.1422E-4
1.2736E-4
-9.9838E-7
1.6387E-4
-5.2467E-5
-5.4836E-5
-1.4666E-5
3.5033E-5
1.5715E-4
5.7574E-5
3.0323E-4
1.1895E-5
1.8533E-4
-9.3997E-5
-6.0499E-6
2.0274E-4
5.4009E-5
-1.9386E-5
1.3440E-4
2.8022E-5
-4.2178E-5
1.2092E-4
3.3602E-6
8.3014E-5
2.4023E-4
-5.0440E-5
2.2303E-4
8.0355E-5
3.4917E-4
-5.9530E-5
1.5290E-4
1.6280E-4
-6.6727E-5
7.3552E-5
-5.0023E-5
5.8100E-5
-2.6152E-5
-8.3342E-5
4.7877E-5
1.1919E-4
9.7662E-5
6.1721E-5
-3.8400E-5
2.6733E-5
8.2061E-5
-7.2494E-5
4.1068E-5
-9.1493E-5
-8.4937E-6
1.7190E-4
1.6582E-4
4.7684E-6
1.8558E-4
7.8425E-5
3.0091E-4
2.0214E-3
2.0907E-3
1.7232E-4
-9.3456E-5
2.3283E-4
4.9915E-5
6.7502E-5
7.4968E-5
1.0658E-4
1.1512E-4
1.3195E-5
1.0664E-4
1.3705E-4
3.9719E-5
5.4210E-5
1.1649E-4
8.9861E-5
4.1090E-5
1.2530E-4
1.1364E-4
4.5322E-5
2.5674E-3
2.2568E-5
1.2032E-4
-2.4922E-5
1.0761E-4
2.9995E-4
1.1194E-4
3.4273E-5
3.8651E-4
2.3605E-4
-5.1856E-6
5.2541E-5
4.7982E-5
7.3567E-5
-5.3346E-6
1.2496E-4
1.1076E-4
1.0307E-4
1.1520E-4
1.7534E-4
9.2685E-5
1.9558E-4
4.9323E-6
-1.8808E-4
2.2180E-4
3.1346E-4
3.2149E-4
6.5327E-5
-3.2932E-5
8.5622E-5
3.0898E-4
1.8102E-4
4.5381E-5
1.2320E-4
7.3072E-5
1.4422E-4
2.3142E-5
-4.6186E-5
2.8665E-4
1.7438E-4
1.4830E-4
1.2675E-4
1.4886E-4
1.1101E-4
2.3672E-3
7.7181E-5
1.2461E-4
4.2118E-5
1.7818E-4
2.2620E-4
1.4604E-4
1.1830E-4
8.8528E-5
6.6943E-5
1.7627E-4
2.2553E-5
2.6974E-3
1.2097E-4
-4.2729E-5
1.4504E-4
4.7654E-5
8.3163E-5
9.8050E-6
9.9853E-5
4.1187E-5
-2.6152E-5
2.5296E-4
1.3475E-4
2.3520E-4
1.5752E-4
5.0306E-5
1.0318E-4
1.7746E-4
3.3140E-5
2.4578E-4
7.1481E-5
-1.0563E-4
-7.8931E-5
-1.7823E-4
1.2755E-4
3.8683E-5
2.8738E-3
1.7881E-4
1.6100E-4
5.1938E-5
-7.1310E-5
3.0065E-4
2.5699E-4
-2.0672E-5
1.8505E-4
1.9844E-4
-1.0151E-5
7.9166E-5
-1.0751E-5
3.9497E-4
9.6709E-6
-8.0317E-5
1.2778E-5
1.2774E-4
3.2630E-4
1.6762E-4
1.1739E-4
5.1446E-5
2.4419E-4
6.7115E-5
-1.3478E-5
1.6563E-5
3.6016E-5
-7.0989E-5
2.6079E-4
1.5973E-4
2.2217E-4
-6.6757E-6
6.3360E-5
2.2666E-4
4.0606E-5
9.8810E-5
2.8506E-5
1.1146E-4
1.3395E-4
-4.4554E-6
8.6203E-5
1.8871E-4
1.2840E-4
1.0389E-4
1.1168E-4
-4.1232E-5
1.1051E-4
3.4854E-5
4.7639E-5
1.4277E-4
8.5205E-5
2.2414E-4
1.5026E-4
1.2615E-4
1.8924E-4
1.5676E-4
2.1167E-4
1.4480E-5
1.5824E-4
1.6185E-4
7.8566E-6
1.3397E-4
1.6142E-4
-5.9295E-5
8.3085E-5
1.8324E-4
1.8226E-4
1.5626E-4
4.4532E-5
-8.9049E-5
-2.4959E-5
3.3334E-5
-4.9405E-5
5.9001E-5
-3.6977E-5
1.1184E-4
9.0212E-5
2.1294E-4
1.9518E-4
1.2016E-4
1.2122E-4
1.7025E-4
3.0774E-3
-3.6716E-5
1.6965E-4
-6.6057E-5
1.5527E-4
5.6073E-5
-4.7445E-5
1.4392E-4
1.4916E-4
5.4166E-5
-8.8811E-5
9.0793E-5
7.7814E-5
2.6141E-4
2.4922E-4
3.9861E-5
1.4083E-4
4.1962E-5
-6.5669E-5
-3.3855E-5
2.0379E-4
1.9953E-4
1.3387E-4
3.1114E-5
2.1245E-5
1.3691E-4
1.2074E-4
3.2968E-4
2.0512E-4
4.8388E-5
-7.0665E-5
6.8802E-5
4.8440E-5
1.1260E-4
-5.5134E-7
1.3322E-4
8.3417E-5
2.4894E-4
1.8138E-4
1.2560E-4
5.3614E-5
1.7827E-4
9.3162E-5
-5.4523E-5
2.1764E-4
3.8445E-6
5.2914E-5
2.4147E-4
6.2987E-5
1.1453E-4
5.5678E-5
1.7808E-4
1.5274E-4
7.3351E-5
-1.1563E-4
1.1556E-4
-6.6712E-5
1.0549E-4
-4.2468E-5
6.6310E-6
2.0328E-4
1.1170E-4
1.1314E-4
-1.4082E-5
-5.2556E-5
-2.0771E-4
-1.4040E-4
-1.2653E-4
-1.6421E-5
1.6604E-4
-1.6555E-5
2.9773E-5
7.6219E-5
-1.1533E-4
4.0561E-5
1.3790E-4
-9.7901E-6
-4.2338E-5
8.0101E-5
2.0747E-4
2.2569E-3
6.3822E-5
1.3369E-4
1.5386E-4
1.4625E-4
1.5900E-5
3.8754E-5
2.8568E-4
1.0740E-4
1.2644E-4
-1.3958E-4
1.8317E-4
1.0310E-4
1.3795E-4
-5.5514E-5
1.5318E-4
-3.5763E-7
1.4121E-4
1.7502E-4
-7.7322E-5
8.9072E-5
1.0905E-4
-1.1883E-4
1.1688E-4
1.2264E-4
-1.2428E-4
2.3425E-5
1.3769E-4
9.2387E-6
-6.7964E-5
3.0662E-3
2.6414E-4
1.8179E-5
1.4703E-4
5.2094E-5
1.3977E-4
-3.0488E-5
1.4558E-4
3.1632E-4
2.6543E-4
4.8757E-5
1.9641E-4
2.7913E-4
-9.2387E-6
2.0394E-4
9.6619E-5
1.7047E-5
4.6343E-5
1.1685E-4
1.2851E-4
-6.8147E-5
1.0038E-4
8.9496E-5
-3.9034E-5
-6.7212E-5
6.6739E-5
-9.5833E-5
1.2983E-4
1.0864E-4
-4.7438E-5
-9.2350E-5
8.2329E-5
4.6514E-5
2.0926E-4
2.0561E-4
-1.9565E-5
1.1471E-4
1.4847E-4
7.2949E-5
7.9185E-5
6.1184E-5
8.6136E-5
-1.6339E-5
1.3779E-4
6.7048E-5
9.8571E-5
-5.3428E-5
1.9014E-4
6.0394E-5
3.8370E-5
1.1201E-4
7.8112E-5
2.4587E-5
1.9525E-4
2.0266E-5
-1.4310E-4
6.6459E-6
2.6269E-4
-1.7866E-5
4.3243E-5
-8.4996E-5
1.2948E-4
1.3973E-4
2.5228E-5
-8.3789E-5
1.6163E-4
1.8525E-4
-1.4468E-4
-8.3610E-5
2.7835E-5
5.7008E-5
-5.0578E-5
-8.5000E-5
1.4819E-4
-1.4305E-5
-8.7604E-5
3.5241E-6
7.9747E-5
-1.4432E-5
-3.0026E-5
1.6852E-4
2.1676E-3
7.8999E-5
-1.1989E-4
5.5216E-5
-7.3627E-5
1.2957E-4
-9.8854E-5
-2.5094E-5
1.4810E-4
2.9370E-4
2.5340E-3
1.7250E-4
2.9914E-5
-2.1778E-4
-3.9816E-5
5.3629E-5
-1.0563E-4
5.7139E-5
5.7995E-5
5.6565E-5
-4.8712E-5
-5.4851E-5
-9.8407E-5
-7.7665E-5
-1.5414E-4
7.7605E-5
-4.7982E-5
8.1509E-6
2.5174E-3
1.0788E-4
1.5168E-4
2.5705E-5
6.3956E-5
1.9819E-5
-1.1253E-4
7.4610E-5
1.0237E-5
-6.0722E-5
3.0079E-4
4.8578E-5
4.9457E-5
-3.3107E-5
1.4822E-4
1.6683E-4
1.3959E-4
1.4718E-4
1.0614E-4
1.8715E-4
1.3097E-4
9.4261E-5
1.6365E-4
1.0481E-4
1.2919E-4
5.8584E-5
1.2574E-4
-4.5635E-5
-8.1442E-5
-1.3001E-5
5.9851E-5
1.4901E-4
-1.6764E-6
8.2500E-5
6.1721E-5
9.0949E-5
8.8528E-5
-4.0084E-6
6.4485E-5
2.6424E-3
2.8059E-4
9.4250E-6
-2.2665E-5
-8.6874E-5
1.3386E-4
1.7104E-4
-8.1286E-5
-1.9641E-4
-8.6650E-5
4.1084E-4
4.0893E-4
-1.0282E-5
2.9136E-4
2.5481E-6
3.4122E-4
1.4067E-5
7.0900E-5
3.7210E-4
3.8707E-4
-2.4004E-4
-3.1185E-4
1.9759E-4
-1.5822E-4
2.9925E-4
3.5046E-4
1.8133E-3
-8.2832E-5
1.5545E-4
1.3251E-5
3.5597E-4
-1.9864E-4
2.1724E-4
3.0770E-4
-1.9973E-4
-1.2735E-4
2.1850E-4
1.4171E-5
-4.6343E-6
1.0043E-4
-1.9579E-4
1.4994E-4
-1.8120E-5
-5.1320E-5
2.6962E-3
1.1192E-4
-1.0744E-5
1.9329E-4
2.0703E-4
1.0870E-4
5.6662E-5
1.6980E-5
-2.1286E-4
-9.0167E-5
1.2603E-3
1.1624E-4
-1.0559E-4
4.6238E-5
4.0680E-5
-1.0543E-4
1.0718E-4
5.5194E-5
2.5108E-5
-6.6563E-5
-3.1590E-5
1.3503E-4
-3.3900E-5
1.3694E-4
1.1380E-4
1.9853E-4
-9.1240E-5
-6.3628E-6
6.2749E-5
1.1866E-4
1.9784E-4
-1.7731E-4
1.3918E-5
-4.5523E-5
1.8451E-5
-9.6027E-5
-3.1851E-6
6.4302E-5
-7.4815E-5
9.3326E-5
1.0977E-4
9.0227E-5
1.2456E-4
9.0428E-5
-8.8513E-6
1.3797E-4
-3.2105E-5
-5.2974E-5
1.0870E-4
4.4174E-5
-5.5023E-5
1.4544E-4
1.9635E-4
4.4860E-5
1.6119E-4
6.8136E-5
1.4242E-4
4.5307E-5
-2.5302E-5
2.5027E-5
9.2648E-5
-5.3287E-5
2.2334E-4
-1.7017E-5
3.2169E-4
2.7546E-3
8.1852E-5
9.7841E-5
2.7761E-5
1.4770E-4
1.2992E-4
3.1888E-6
-6.6489E-5
2.9990E-4
1.9103E-5
5.9798E-5
-2.3884E-4
3.4377E-5
1.1556E-4
0.0000E+0
-1.0149E-4
4.6983E-5
-8.4013E-5
6.7845E-5
-9.5591E-5
4.5121E-5
-2.2262E-5
1.4494E-4
2.0794E-4
-6.0085E-5
-2.3913E-5
7.6670E-5
7.4647E-5
8.3733E-5
1.0624E-4
1.2882E-4
2.5831E-5
1.6987E-5
2.1027E-4
2.2426E-5
2.9072E-4
1.9325E-4
3.9235E-5
-1.1072E-5
1.4993E-4
-6.5736E-5
1.8323E-4
8.9407E-6
-1.2562E-5
2.4579E-4
2.7262E-5
-2.2794E-4
-9.3922E-5
-2.8029E-5
-2.1324E-5
-2.0549E-5
1.6099E-4
1.3016E-4
1.1529E-4
6.3837E-5
2.9397E-4
5.1454E-5
2.6809E-4
3.9369E-5
2.0686E-4
2.5988E-5
1.5174E-4
-5.9605E-8
2.2323E-4
-2.0383E-4
8.4788E-5
-9.9540E-6
1.1484E-4
1.4268E-4
1.6081E-4
-3.8609E-5
-2.2545E-5
-5.1305E-5
