87
52
1.3499E-3
7.4873E-4
1.1335E-3
1.4654E-3
2.3197E-3
2.1284E-3
2.6136E-3
1.8264E-3
2.8183E-3
2.4787E-3
1.8831E-3
2.9766E-3
1.2743E-3
2.5746E-3
1.4362E-3
3.0701E-3
2.2426E-3
2.5338E-3
3.2212E-3
2.2725E-3
1.5799E-3
2.6911E-3
1.7396E-3
2.1415E-3
3.1241E-3
8.3396E-4
2.0730E-3
1.3537E-3
2.1429E-3
1.6120E-4
1.5500E-3
1.9345E-3
2.5747E-3
1.7050E-3
2.4970E-3
7.8439E-4
3.0095E-3
3.3326E-3
1.4980E-3
2.9598E-3
2.7072E-3
3.1399E-3
2.5711E-3
2.7267E-3
3.0501E-3
2.9946E-3
7.0737E-3
2.6762E-3
2.0152E-3
4.5055E-3
1.7563E-3
1.6677E-3
1.0434E-3
1.2468E-3
1.2179E-3
2.6061E-3
7.1192E-4
3.1055E-3
2.9658E-3
2.5058E-3
2.0844E-3
1.9212E-3
2.4895E-3
1.7203E-3
7.1574E-3
2.6185E-3
1.4779E-3
2.9419E-3
4.3322E-3
2.2528E-3
2.0173E-3
1.7196E-3
8.0132E-4
2.1623E-3
1.3858E-3
1.8548E-3
1.2852E-3
2.6551E-4
1.6040E-3
1.2332E-3
2.0007E-3
2.0072E-3
2.1784E-3
5.5324E-4
7.8307E-4
2.5364E-3
7.6138E-4
2.5044E-3
1.8529E-3
1.9047E-3
1.4352E-3
2.5639E-3
2.4181E-3
2.2404E-3
1.2846E-3
3.3123E-3
5.6187E-3
3.3789E-3
-5.5257E-4
2.7611E-3
5.3491E-3
4.2131E-3
6.1653E-4
1.4110E-3
1.7678E-3
3.0784E-3
1.7691E-3
1.8627E-3
1.0396E-3
2.5979E-3
3.0416E-3
1.3586E-3
1.3448E-3
2.2390E-3
1.6321E-3
1.6624E-3
1.9371E-3
1.8459E-3
2.2985E-3
1.7941E-3
2.9548E-3
2.1551E-3
2.0748E-3
3.0560E-3
2.4812E-3
2.0380E-3
3.9127E-3
1.3400E-3
1.5636E-3
8.2706E-4
1.4036E-4
5.5971E-4
2.9785E-3
1.0337E-3
2.5501E-3
1.9963E-3
4.0801E-3
1.3542E-3
3.4255E-3
2.1297E-3
2.4570E-3
3.3733E-3
2.1954E-3
1.6364E-3
1.7139E-3
3.5868E-3
5.3284E-4
2.3034E-3
1.7057E-3
3.1634E-3
1.1224E-3
3.0753E-3
2.3536E-3
2.5476E-3
4.0991E-3
9.3080E-4
1.3601E-3
1.4626E-3
1.3923E-3
1.0200E-3
1.7980E-3
1.6084E-3
1.2493E-3
1.6020E-3
2.7318E-3
1.3756E-3
1.9966E-3
2.2401E-3
7.1362E-4
1.9096E-3
6.3636E-5
9.8313E-4
2.0469E-3
1.6772E-3
1.1130E-3
7.8668E-4
2.1216E-3
7.7907E-4
7.0011E-4
1.6873E-3
4.2379E-4
2.4511E-3
1.6898E-3
1.5558E-3
2.1824E-3
8.3710E-5
1.6082E-3
1.5944E-3
2.2187E-3
9.2030E-4
1.1477E-3
1.6634E-3
2.1642E-3
1.1256E-3
2.0520E-3
1.9425E-3
1.2259E-3
1.1477E-3
2.6644E-3
1.1370E-3
3.4620E-4
1.9858E-3
8.4100E-4
1.5690E-3
1.7721E-3
1.2098E-3
4.1418E-4
2.1221E-3
2.1623E-3
1.3092E-3
2.2792E-3
4.2612E-3
1.4842E-3
1.5316E-3
1.0803E-3
2.3867E-4
1.1684E-3
2.1800E-3
1.9752E-3
2.1576E-3
1.1594E-3
9.6004E-3
2.6514E-3
1.9171E-3
1.0686E-3
2.1617E-3
3.2582E-3
1.8614E-3
1.6126E-3
2.2691E-3
1.4860E-3
1.1672E-3
1.7469E-3
1.0235E-3
1.7862E-3
1.7654E-3
2.1224E-3
2.1998E-3
2.2772E-3
1.4448E-3
2.3834E-3
1.7083E-3
1.8149E-3
1.1446E-3
1.9542E-3
3.7580E-6
1.7287E-3
1.9374E-3
1.2521E-3
-6.6833E-4
2.8916E-3
7.2640E-4
1.3213E-3
8.8549E-4
1.1218E-3
7.5409E-4
2.1304E-3
2.3560E-3
1.2378E-3
1.5503E-3
1.6454E-3
1.7423E-3
2.1187E-3
1.8602E-3
1.6599E-3
1.6996E-3
2.7767E-3
1.8941E-3
1.9808E-3
1.9653E-3
8.8425E-4
2.0311E-3
1.7803E-3
1.4841E-3
2.4748E-3
8.3706E-4
1.2688E-3
5.6943E-4
1.6565E-3
2.2591E-3
3.7344E-4
2.8307E-2
1.5979E-3
8.4401E-4
1.7705E-3
9.6699E-4
1.1808E-3
2.6442E-3
9.1861E-4
1.3722E-3
1.0541E-3
1.5329E-3
1.9256E-3
1.3688E-3
2.9003E-3
7.6128E-4
1.3868E-3
8.7686E-4
2.5764E-3
1.6249E-3
2.1608E-3
1.3928E-3
2.8069E-3
2.3326E-3
2.0930E-3
1.8745E-3
3.8584E-3
1.9603E-3
1.8641E-3
3.1112E-4
1.1441E-3
1.6617E-3
2.1811E-3
1.5581E-3
3.6768E-4
1.2825E-3
1.8015E-3
2.4051E-3
-3.6246E-5
9.1830E-4
1.7602E-3
2.4796E-3
1.8515E-3
1.5711E-3
2.2085E-3
1.1656E-3
1.0548E-3
2.4095E-3
1.3898E-3
1.6393E-3
1.6375E-3
9.9297E-4
1.7160E-3
2.1118E-3
1.8744E-3
1.1996E-3
2.1243E-3
2.0289E-3
1.4567E-3
2.2107E-4
1.8795E-3
1.2278E-3
1.9959E-3
7.3689E-4
9.5474E-4
-5.7917E-4
2.5255E-3
9.6223E-4
1.6779E-3
5.0714E-4
2.4097E-3
1.8256E-3
3.4816E-3
1.7428E-3
2.1259E-3
1.4970E-3
1.8626E-3
1.5245E-3
3.1059E-3
2.4154E-3
1.7069E-3
8.4620E-4
2.9191E-3
2.6048E-3
3.5163E-3
1.5846E-3
2.2171E-3
1.7262E-3
3.1053E-3
1.9557E-3
3.8956E-3
6.7571E-4
1.9662E-3
1.8146E-3
1.8214E-3
1.7555E-3
1.8106E-3
8.0709E-4
1.5886E-3
1.3134E-3
2.3271E-3
5.3781E-4
3.1173E-4
1.6632E-3
1.7284E-3
1.3015E-3
2.0225E-3
1.5811E-3
1.4239E-3
2.5316E-3
2.6909E-3
1.1314E-3
6.6507E-3
1.8714E-3
1.9293E-3
2.5728E-3
1.0823E-3
1.7093E-3
2.4492E-3
-1.1436E-4
1.9102E-3
3.6117E-4
2.2553E-3
2.1982E-3
1.6570E-3
4.1641E-3
2.5238E-3
1.3483E-3
2.8966E-3
2.6993E-3
4.0688E-3
1.9770E-3
2.5673E-3
8.9611E-4
2.0065E-3
2.0199E-3
3.6983E-3
1.8438E-3
3.9258E-3
1.2043E-3
3.2368E-3
2.0862E-3
2.3419E-3
7.1428E-4
2.9929E-3
8.8909E-4
2.4430E-3
1.3554E-3
1.5222E-3
1.8383E-3
2.0919E-3
1.1854E-3
2.6883E-3
2.6506E-3
3.4946E-3
1.3349E-3
2.0256E-3
1.5621E-3
1.9761E-3
1.0919E-3
2.2441E-3
1.5032E-3
1.7664E-3
2.1036E-3
1.7319E-3
-5.2514E-4
2.4554E-3
3.5678E-3
2.8141E-3
2.1824E-3
1.7309E-3
3.8679E-3
2.6670E-3
1.5484E-3
6.8262E-4
9.5410E-4
2.9145E-3
3.2209E-3
1.5192E-3
1.4348E-3
2.6129E-3
3.4855E-3
2.8148E-3
2.7634E-4
1.8754E-3
7.4207E-4
2.4389E-3
2.2377E-3
2.4142E-3
8.1040E-4
2.2383E-3
1.5473E-3
1.5919E-3
1.3569E-3
1.9124E-3
2.0373E-3
2.8223E-3
1.9388E-3
2.1207E-3
2.1689E-3
5.0449E-4
3.0542E-3
2.8339E-3
6.5134E-4
2.8612E-3
2.5895E-3
1.3815E-3
3.1578E-3
2.4921E-3
1.7871E-3
1.1018E-3
2.7823E-4
2.8658E-3
5.4801E-3
2.5304E-3
3.2243E-3
-2.1428E-4
2.3480E-3
8.4648E-5
2.6157E-3
1.4891E-3
4.1599E-3
3.2555E-3
3.5418E-3
4.4222E-4
4.5802E-3
1.5158E-3
2.8473E-3
3.5526E-3
2.5446E-3
1.2291E-3
2.1942E-3
2.7353E-3
1.9844E-3
2.6686E-3
1.1775E-3
2.1011E-3
2.1753E-3
3.3086E-4
1.0020E-3
1.5006E-3
2.8548E-4
1.6670E-3
2.5318E-3
1.8353E-3
5.2312E-4
-3.4926E-5
1.0832E-3
1.6621E-3
1.3380E-3
9.4178E-4
1.1472E-3
9.3116E-4
1.1698E-3
1.3802E-3
4.4903E-3
1.1391E-3
6.2747E-4
2.2094E-3
7.9145E-4
1.4036E-3
1.7945E-3
1.4570E-3
1.4414E-3
1.8416E-3
1.2810E-3
3.4204E-4
1.7033E-3
1.2190E-3
1.0412E-3
3.6973E-4
2.5800E-3
1.4343E-3
1.2996E-3
2.5722E-3
1.5264E-3
1.9039E-3
1.3567E-3
9.2360E-4
1.2021E-3
2.5216E-3
9.4679E-4
1.4663E-3
1.7551E-3
5.2696E-4
2.4794E-3
8.7545E-4
1.5930E-3
1.5133E-3
2.7986E-3
2.1853E-3
2.3737E-3
1.3482E-3
1.7113E-3
1.2290E-3
1.6876E-3
9.9790E-4
-1.1160E-3
1.1571E-3
1.6697E-3
2.0714E-3
1.5730E-3
1.1059E-3
4.2358E-4
1.7079E-4
6.1209E-4
2.3035E-3
2.0472E-3
6.9756E-4
1.3782E-3
1.5529E-3
1.5876E-3
3.0042E-3
1.7489E-3
1.4906E-3
1.5302E-3
2.9208E-3
2.2056E-3
9.0235E-4
8.2025E-4
2.0941E-3
6.8374E-4
7.4076E-4
2.0403E-3
6.3974E-4
2.5537E-3
1.2677E-3
1.3673E-3
2.1007E-4
1.9944E-3
1.1156E-3
6.7980E-4
6.2761E-4
1.7335E-3
4.2752E-4
2.8478E-3
2.2570E-4
2.0278E-3
1.3575E-3
1.5699E-3
4.6794E-4
1.1433E-3
5.1671E-3
1.1857E-3
5.2387E-4
1.1101E-3
1.8449E-3
1.8776E-3
1.3117E-3
1.5139E-3
1.2461E-3
3.6998E-3
1.5595E-3
1.6871E-3
1.5164E-3
1.7741E-3
7.2377E-4
5.5489E-4
1.5129E-3
1.0762E-3
1.6761E-3
9.3072E-4
1.6558E-3
1.7664E-3
1.3809E-3
1.8637E-3
1.7835E-3
1.5006E-3
2.7507E-3
1.2446E-3
7.2241E-4
4.2238E-3
7.9439E-4
2.2102E-4
1.6189E-3
5.7203E-4
2.7470E-3
1.7099E-3
2.3596E-3
1.3965E-3
-1.5847E-4
1.8465E-5
1.3745E-4
2.1117E-3
2.1835E-3
1.4796E-3
1.1833E-3
1.6143E-3
1.7759E-3
2.1108E-3
2.3497E-3
8.4766E-4
2.9750E-3
2.6530E-3
1.7274E-3
1.3614E-3
2.2398E-3
2.3896E-3
2.7408E-3
1.2603E-3
1.1547E-3
6.3461E-4
1.6461E-3
1.4067E-3
1.8092E-3
2.7366E-3
5.0839E-3
1.0733E-3
1.8777E-3
9.0230E-4
1.6743E-3
-2.1462E-5
1.7607E-3
1.4781E-3
2.4060E-3
1.1090E-3
2.3973E-3
1.5631E-3
1.5578E-3
3.3289E-3
1.4669E-3
1.8606E-3
2.2151E-4
7.1073E-4
9.1731E-4
4.6432E-4
1.8963E-3
1.6211E-3
2.9164E-3
1.9370E-3
2.4716E-3
1.0974E-4
7.9342E-4
1.8454E-3
2.0389E-3
1.7452E-3
1.7390E-3
3.8784E-3
3.8495E-3
1.4942E-3
6.2062E-4
1.6099E-3
1.7311E-3
2.3964E-3
3.7567E-3
-5.0066E-4
2.8642E-3
1.4628E-3
1.7675E-3
2.0072E-3
2.5438E-3
1.6218E-3
1.5596E-3
1.5685E-3
1.1113E-3
1.4664E-3
9.0806E-4
3.1097E-3
2.6771E-3
2.3171E-3
2.1048E-3
2.0955E-3
1.8589E-3
3.6361E-3
2.3199E-3
1.8051E-4
7.8177E-3
2.5112E-3
5.3018E-3
2.0100E-3
2.1733E-3
1.3511E-3
1.4868E-3
1.8836E-3
1.2205E-3
5.6942E-3
3.0518E-3
1.7394E-3
1.6882E-3
2.7718E-3
2.7839E-3
2.2847E-3
2.1625E-3
1.4070E-3
1.9466E-3
2.6256E-3
3.4374E-4
4.5225E-3
4.4769E-4
1.7107E-3
1.0866E-3
1.8272E-3
1.3275E-3
1.3219E-3
1.3948E-3
2.1557E-3
1.9828E-3
2.1966E-3
2.8528E-3
1.6207E-3
1.2002E-3
2.1298E-3
1.5641E-3
1.4220E-3
2.4386E-3
1.1559E-3
2.2080E-3
1.3378E-3
2.2135E-3
2.7382E-3
4.5579E-3
1.9960E-3
1.6550E-3
1.0787E-3
5.0813E-4
9.9088E-4
8.6239E-4
1.9282E-3
2.1257E-3
2.0695E-3
1.0237E-2
1.8395E-3
1.6773E-3
3.2751E-3
1.4691E-3
3.6333E-4
2.1914E-3
2.2422E-3
1.3387E-3
1.9311E-3
1.4365E-4
7.7299E-4
1.4459E-3
1.2865E-3
8.0746E-4
5.9705E-4
2.3112E-3
2.1551E-3
2.0533E-3
1.6749E-3
1.9177E-3
4.4121E-4
8.5940E-4
2.9342E-3
1.6887E-3
4.3190E-3
1.5960E-3
1.3768E-3
1.2359E-3
2.1872E-3
1.6862E-3
1.6169E-3
-7.1647E-5
1.2119E-3
-4.2273E-4
1.9141E-3
3.6216E-4
1.0950E-3
1.1380E-3
3.0421E-3
8.3879E-4
7.7282E-4
1.7788E-3
1.7206E-3
1.0452E-3
1.2202E-3
4.5925E-3
2.2349E-3
1.7445E-3
6.4344E-5
1.5765E-3
1.2417E-3
1.4756E-4
2.7994E-3
1.7967E-3
2.9833E-3
1.1995E-3
2.8765E-3
5.3086E-4
1.9472E-3
1.3436E-3
8.9071E-4
1.1024E-3
5.9016E-4
2.1291E-3
1.9322E-3
2.6083E-3
1.2039E-3
1.3806E-3
1.1828E-3
1.9362E-3
1.3461E-3
1.3508E-3
8.2403E-4
8.9653E-4
9.2203E-4
1.9090E-3
1.9109E-3
3.2466E-3
1.5268E-3
9.5709E-4
1.1631E-3
-2.9497E-4
2.0232E-3
2.4616E-3
9.4960E-4
2.6912E-4
2.3578E-3
1.0091E-3
1.6748E-3
2.9974E-4
7.3454E-4
1.3006E-3
9.8454E-4
1.6275E-3
1.8318E-3
1.4923E-3
8.8783E-4
1.4890E-3
1.7666E-3
6.1634E-4
6.5596E-4
8.1665E-4
1.8047E-3
1.0353E-3
1.6773E-3
3.5118E-5
1.5021E-3
9.6940E-4
1.1617E-3
1.2680E-3
1.4530E-3
1.0342E-3
1.3111E-3
3.6821E-3
1.1116E-3
3.7364E-4
9.4633E-4
2.4586E-3
1.3649E-3
5.4221E-4
8.9815E-4
2.9272E-4
2.6259E-3
1.3254E-3
1.0573E-3
2.4120E-3
1.3183E-3
1.4279E-3
7.2002E-4
1.3915E-3
1.8784E-3
1.3044E-3
6.5988E-5
7.9153E-4
-1.4522E-4
1.9046E-3
1.1266E-3
1.6136E-3
1.4782E-3
1.8257E-3
1.6154E-3
8.7675E-4
-1.4615E-4
1.9122E-3
4.4257E-4
1.4302E-3
1.6915E-3
1.5797E-3
2.0253E-3
1.7281E-3
1.5433E-3
1.3148E-3
1.4799E-3
2.9854E-3
9.2514E-4
3.0606E-3
2.4341E-3
3.3617E-3
2.4943E-3
2.3173E-3
3.6340E-3
1.4131E-3
2.4312E-3
1.8916E-3
2.1657E-3
6.8477E-4
1.1561E-3
1.8320E-3
1.0051E-3
1.0895E-3
6.2581E-4
-1.0796E-3
2.3251E-3
1.7264E-3
5.4352E-4
1.1054E-3
1.5121E-3
2.2474E-3
1.2070E-3
2.3100E-3
1.0426E-3
1.4486E-3
2.7051E-3
2.3475E-3
3.6355E-3
1.0599E-3
1.7471E-3
1.1257E-3
1.1668E-3
6.2049E-4
1.1632E-3
1.7279E-3
2.0092E-3
2.1429E-3
2.0427E-3
1.2417E-3
1.6497E-3
6.8101E-4
2.3692E-3
2.2968E-3
1.5727E-3
1.1749E-3
3.2211E-3
2.4605E-3
1.1539E-3
1.1089E-3
2.0133E-3
1.5342E-3
1.7817E-3
2.2975E-3
6.9996E-4
1.1876E-3
3.3476E-3
3.4779E-4
3.5830E-3
1.9856E-3
8.2793E-4
1.1794E-3
-1.4416E-4
1.6734E-3
4.6713E-4
2.5108E-3
8.7244E-4
1.5384E-3
1.1056E-3
1.1586E-3
1.6873E-3
3.8178E-4
1.0011E-4
1.5930E-3
1.1759E-3
1.0414E-3
1.6822E-3
4.1800E-3
9.2792E-4
1.8330E-3
2.0802E-3
1.0748E-3
1.6004E-3
2.1670E-3
1.1692E-3
1.3408E-3
1.4499E-3
2.3531E-3
2.1633E-3
2.5277E-3
7.5399E-4
2.2621E-3
1.8863E-3
1.2555E-3
2.2375E-3
-1.4890E-4
1.8895E-4
7.2430E-4
2.0979E-3
2.8564E-3
1.4486E-4
1.8918E-3
1.7779E-3
1.0102E-3
9.5839E-4
2.2037E-3
1.6721E-3
1.1190E-3
2.6612E-4
-3.5170E-4
1.7771E-4
2.8554E-3
3.7722E-3
5.7533E-4
7.6657E-4
7.8099E-4
1.3324E-3
5.3146E-4
4.6242E-4
2.1042E-3
2.1057E-3
1.3711E-3
-5.1970E-4
1.8385E-3
8.4054E-5
1.2267E-3
6.9622E-4
1.5486E-3
2.4394E-3
2.4868E-3
1.5578E-3
1.6920E-3
9.9952E-4
1.6925E-3
3.2749E-3
2.4027E-3
1.3038E-3
2.5316E-3
3.1847E-3
2.4414E-3
1.6827E-3
3.2128E-3
7.0094E-4
2.0164E-3
3.5385E-4
1.8864E-3
1.8955E-3
-1.4984E-4
-6.1339E-4
6.6887E-4
4.9009E-4
2.5968E-3
1.2881E-3
8.9132E-4
1.2757E-3
2.2284E-3
2.5365E-3
5.8511E-4
5.3353E-4
5.5945E-4
-6.0764E-4
-1.5460E-3
-1.5264E-3
1.9514E-3
2.4842E-3
3.0302E-3
1.1761E-3
1.6871E-3
1.8134E-3
8.8408E-4
3.3559E-3
2.2981E-3
2.3932E-3
2.5096E-3
3.2269E-4
8.0463E-4
-4.7114E-4
3.3432E-3
-3.9896E-5
2.1941E-3
1.9084E-3
6.2164E-4
1.5961E-3
2.3465E-3
2.0825E-3
2.2165E-3
9.7196E-4
2.7366E-3
2.8522E-3
1.4079E-3
1.8079E-3
3.0676E-5
1.8589E-3
6.5233E-4
1.5810E-3
1.3782E-3
1.8429E-3
1.8766E-3
1.7682E-3
1.8754E-3
2.2553E-3
1.4344E-3
1.0459E-3
9.7832E-4
3.6355E-3
1.4840E-3
1.0281E-3
1.1108E-3
2.0448E-3
2.4371E-3
2.3130E-3
2.1500E-3
2.7737E-4
2.3544E-3
6.7292E-4
2.5340E-3
2.0471E-3
2.2100E-3
8.8057E-4
1.0745E-3
1.2128E-3
2.3097E-4
1.5561E-3
2.7536E-3
8.4698E-4
3.8821E-3
6.1236E-4
1.6818E-3
1.0262E-3
3.6112E-3
2.1467E-3
8.2030E-4
1.9012E-3
2.7597E-3
2.1410E-3
2.6105E-3
1.5630E-3
1.7555E-3
2.4801E-3
1.9398E-3
2.1296E-3
2.6971E-4
2.1302E-3
9.7961E-4
1.5530E-3
1.7525E-3
1.6301E-3
1.6778E-3
1.7220E-3
7.8396E-4
1.5696E-3
2.0398E-3
1.8527E-3
2.3134E-3
1.6515E-3
1.7201E-3
2.6253E-3
4.8927E-4
1.0245E-3
5.0622E-4
8.8156E-4
1.0290E-3
1.8045E-3
1.3481E-3
2.6596E-3
1.0743E-3
2.0136E-3
1.1378E-3
-3.5601E-4
1.4025E-4
1.3455E-3
6.4485E-4
3.8052E-4
1.5271E-3
6.9867E-4
1.2631E-3
1.6371E-3
1.9517E-3
2.8514E-3
7.6124E-4
1.5557E-3
1.5825E-3
3.0251E-3
1.9837E-3
3.2101E-3
3.0926E-3
2.2406E-3
3.7280E-3
1.2526E-3
2.0932E-3
1.2647E-3
1.3057E-3
2.2462E-3
1.6789E-3
1.0494E-3
1.3311E-3
1.1360E-3
1.1450E-3
1.4486E-3
1.6741E-3
2.0983E-3
3.9116E-3
2.5997E-4
1.7567E-3
2.0020E-3
5.9502E-4
2.2836E-3
1.2934E-3
1.6227E-3
2.2461E-3
2.3669E-3
2.8609E-3
1.1066E-3
1.9706E-3
3.4129E-3
1.7255E-3
3.1216E-3
1.0753E-3
1.8436E-3
3.5778E-3
-8.7130E-6
1.0574E-4
1.3924E-3
2.6263E-3
8.3591E-4
5.5123E-4
1.7164E-3
1.7400E-3
2.7087E-3
1.8982E-3
-1.2212E-4
2.2617E-3
4.9759E-4
6.4658E-4
2.3507E-3
8.5264E-4
6.9129E-4
1.1028E-3
1.6670E-3
1.4275E-3
2.5962E-3
1.3205E-3
1.7368E-3
9.7576E-4
2.7376E-3
1.7188E-3
5.4459E-4
1.3157E-3
2.4577E-3
9.1703E-4
1.3964E-3
1.9731E-3
8.1682E-5
2.1631E-3
1.7178E-3
1.1577E-3
1.5578E-3
3.7163E-3
1.2243E-3
4.1329E-4
1.4103E-3
4.3087E-4
3.0133E-3
2.5456E-3
1.4771E-4
7.9229E-4
6.7709E-4
-2.5134E-4
1.3380E-3
1.3179E-3
1.3868E-3
7.8929E-4
1.2227E-3
1.2484E-3
1.6159E-3
9.8691E-4
9.8515E-4
1.2932E-3
1.7826E-3
2.5332E-3
6.7136E-4
1.1332E-3
4.1485E-4
9.2822E-4
1.3620E-3
1.1009E-3
1.9367E-3
1.9839E-4
1.3969E-3
1.5713E-3
1.8183E-3
2.4257E-3
5.4189E-4
-2.2274E-4
2.2844E-3
1.3730E-3
1.9987E-3
3.3540E-3
1.4159E-3
1.2977E-3
1.7153E-3
1.7051E-3
1.8326E-3
1.0522E-3
1.8835E-3
2.0426E-3
1.2613E-3
8.1294E-4
2.5579E-3
5.1254E-4
3.2617E-3
1.0471E-3
1.0077E-3
1.9402E-3
1.4889E-3
1.3480E-3
9.3590E-4
1.2314E-3
1.4165E-3
2.5094E-3
1.6138E-3
1.2109E-3
2.5338E-3
7.0174E-4
2.1505E-3
4.3670E-4
8.7493E-4
1.9223E-3
7.2239E-4
1.3429E-3
6.1161E-4
1.7171E-3
1.4044E-3
-3.4469E-4
9.0921E-4
3.3236E-2
2.0680E-4
2.5411E-3
1.3621E-3
8.7917E-4
2.1277E-3
8.4741E-4
1.0108E-3
2.4078E-3
2.4106E-3
1.8895E-3
2.5093E-3
2.8537E-3
2.5868E-3
3.2861E-4
1.8027E-3
1.3931E-3
1.2325E-3
6.8836E-4
1.8353E-3
2.4737E-3
8.2344E-4
3.8863E-4
1.7296E-3
4.2960E-3
1.7272E-3
1.7412E-3
2.7963E-3
1.7484E-3
2.8092E-4
6.4593E-4
1.5964E-3
1.2634E-3
9.7891E-4
-2.2198E-4
1.2206E-3
1.1470E-3
4.6082E-4
1.3992E-3
1.8744E-3
7.5235E-4
4.0839E-4
7.2152E-4
2.3484E-3
7.4743E-4
2.6080E-4
2.6658E-3
2.5584E-3
1.9155E-3
2.6598E-3
1.4876E-3
1.1223E-3
8.4061E-4
9.5190E-4
1.7310E-3
1.8786E-3
2.3812E-3
2.2191E-3
2.9904E-3
3.0806E-3
1.8352E-3
3.4442E-3
6.9084E-4
2.9107E-3
2.3521E-4
1.9707E-3
1.6761E-3
1.0644E-3
1.4117E-3
2.4404E-3
1.5797E-3
2.7280E-3
1.5532E-3
1.0426E-3
2.3852E-3
9.8431E-4
2.2822E-3
2.0505E-3
1.5408E-3
2.3464E-3
5.5736E-4
3.4952E-3
3.8841E-3
1.4250E-3
2.9191E-3
1.9675E-3
1.3218E-3
1.3091E-4
1.8992E-3
2.2647E-3
2.2587E-3
6.1875E-4
2.1297E-3
1.2618E-3
1.3749E-3
2.3630E-4
1.5459E-3
1.2353E-3
1.6609E-3
8.5552E-4
7.6568E-4
5.5291E-3
1.2776E-3
9.7918E-4
1.6059E-3
1.8411E-3
4.0791E-3
1.6681E-3
3.0509E-3
6.1875E-4
1.7651E-3
2.7985E-3
2.3866E-3
2.3241E-3
1.6306E-3
1.2929E-3
7.8201E-4
1.5504E-3
1.6246E-3
1.5644E-3
1.8423E-3
1.4351E-3
1.4116E-3
4.6585E-4
8.3617E-4
1.0512E-3
1.9896E-3
1.6510E-3
9.7383E-4
1.2488E-3
1.3066E-3
1.0827E-3
1.2417E-3
1.2507E-3
1.4623E-3
1.9324E-3
1.7348E-3
1.0815E-3
1.5919E-3
1.0648E-3
2.1747E-4
1.6064E-3
7.8994E-4
1.2688E-3
1.2360E-3
1.9362E-4
1.4746E-3
9.2565E-4
2.1429E-3
9.2669E-4
9.8374E-4
2.2115E-3
1.5706E-3
1.9024E-3
6.7248E-4
1.1842E-3
7.6112E-4
1.3074E-3
3.8230E-4
1.5707E-3
3.3692E-4
2.9168E-3
3.6327E-3
2.0603E-3
1.7428E-3
1.8226E-3
2.6979E-3
2.1915E-3
1.7296E-3
4.8223E-4
2.2442E-3
1.6775E-3
2.0070E-3
1.6264E-3
8.3001E-4
1.7260E-3
3.4752E-4
1.3378E-3
1.6506E-3
1.4923E-4
1.7436E-3
1.2178E-3
1.5028E-3
1.3107E-3
2.0017E-3
8.3651E-4
1.4999E-3
1.3751E-4
1.7311E-3
5.4741E-4
3.6218E-4
3.1730E-3
1.7793E-4
1.9232E-3
1.1405E-3
8.0805E-4
3.5213E-4
2.0825E-3
7.4160E-4
1.4112E-3
1.6705E-3
9.3595E-4
1.1476E-3
1.7052E-3
2.0675E-3
1.4682E-3
1.5872E-3
8.5235E-4
2.0187E-3
1.2584E-3
1.8120E-3
1.4278E-3
2.2250E-3
2.1157E-3
1.6078E-3
3.8123E-3
1.0192E-3
2.7272E-3
1.5303E-3
2.0236E-3
1.9599E-3
1.5616E-3
1.7645E-3
1.3556E-3
1.8297E-3
1.2072E-3
7.8744E-4
9.0697E-4
1.6325E-3
1.8127E-3
9.3456E-4
2.6064E-3
8.7974E-4
1.6636E-3
2.0144E-3
1.3575E-3
1.7034E-3
1.1071E-3
1.1035E-3
1.4727E-3
1.2901E-3
1.0699E-3
-3.7294E-4
1.1583E-3
2.4108E-4
1.1133E-3
1.6148E-3
1.3923E-3
8.4761E-4
2.2268E-3
1.9936E-3
2.2004E-4
8.9472E-4
3.8963E-4
4.0019E-4
6.9879E-4
8.5204E-3
6.7490E-4
1.4995E-3
1.2461E-3
1.9658E-3
2.2892E-3
1.5418E-3
1.4430E-3
1.4414E-3
2.6574E-3
1.6476E-3
9.0300E-4
2.1028E-3
3.0413E-4
2.3882E-3
2.2507E-3
2.4534E-3
1.3662E-3
1.3064E-3
1.4659E-3
1.1871E-3
5.9271E-4
1.3057E-3
3.2251E-3
1.2988E-3
1.3600E-3
4.7359E-4
2.4229E-4
2.4258E-3
1.0765E-3
9.1432E-4
2.4599E-3
1.8513E-3
2.6154E-3
2.1561E-3
2.0525E-3
2.1527E-3
5.2854E-3
9.9368E-4
1.8999E-4
5.2069E-4
1.6888E-3
1.0849E-3
2.4109E-3
1.8182E-3
8.3238E-4
2.5488E-3
1.7532E-3
3.4558E-4
1.6504E-3
1.9058E-3
1.7399E-3
1.8205E-3
1.1794E-3
6.0379E-4
1.2466E-3
2.0961E-3
7.3228E-4
1.6275E-3
3.1402E-3
1.0821E-3
1.0725E-3
2.1415E-3
7.7105E-4
9.6361E-4
1.3613E-3
2.3610E-3
2.0040E-3
2.2146E-3
5.2266E-4
1.9014E-3
1.0410E-3
1.9746E-3
1.4291E-3
2.2177E-3
1.8018E-3
5.2527E-4
1.0741E-3
8.3818E-4
1.9983E-3
1.8951E-3
3.5799E-4
8.4438E-6
2.3014E-3
1.3889E-3
1.0790E-3
2.8065E-3
2.8770E-3
-1.9583E-4
1.5414E-3
2.7590E-3
7.4862E-4
1.5199E-3
2.0126E-3
1.2743E-3
2.3721E-3
4.4349E-3
2.4361E-3
2.1183E-3
2.5754E-3
2.6621E-3
2.3057E-4
3.0020E-3
1.1993E-3
1.3688E-3
2.4994E-3
2.4803E-3
2.3546E-3
2.6937E-3
2.1295E-3
1.5464E-3
5.7277E-4
1.3637E-3
3.4058E-3
2.3360E-3
8.0188E-4
1.1939E-3
2.2373E-3
2.7433E-3
2.0999E-3
1.2765E-3
2.7964E-4
1.5996E-3
3.1313E-3
1.4164E-3
2.0180E-3
2.3739E-3
1.9704E-3
1.4843E-3
7.2599E-4
-1.1109E-4
2.2644E-3
1.2152E-3
2.0162E-3
1.7850E-4
1.5974E-3
8.1544E-4
1.7976E-4
1.4526E-3
2.2404E-3
1.1177E-3
6.5307E-4
2.9112E-3
1.9039E-3
8.0390E-4
1.7590E-3
2.5100E-3
8.4861E-4
9.8108E-2
2.6769E-3
2.1639E-3
2.5240E-3
2.1257E-3
6.4194E-3
1.5174E-3
1.8568E-3
2.4974E-3
3.1385E-3
6.0908E-4
7.7466E-3
2.9928E-3
2.8503E-3
1.6526E-3
2.4516E-3
1.8867E-3
3.1738E-3
2.6069E-3
1.4472E-3
2.5729E-3
1.4582E-3
2.0570E-3
1.8217E-3
9.9343E-4
1.6745E-3
2.4676E-3
2.1543E-3
8.8782E-4
2.5007E-3
2.5076E-3
6.9377E-4
1.2456E-3
2.7218E-3
-1.8924E-4
6.3414E-4
2.3403E-3
2.4954E-3
8.7811E-4
3.0739E-3
1.2714E-3
7.0969E-4
3.7032E-4
1.8984E-3
1.7715E-3
2.1908E-3
9.7088E-4
2.6926E-3
1.5009E-3
2.3159E-3
1.4141E-3
1.5568E-3
8.8248E-2
1.9125E-3
2.3551E-3
1.2250E-3
1.3272E-3
1.7256E-3
2.7320E-3
2.3016E-3
5.0220E-3
1.3413E-3
2.1739E-3
2.2996E-4
4.0754E-4
1.7694E-3
1.2634E-3
1.8599E-3
1.6983E-3
1.1397E-3
1.0873E-3
7.0698E-4
2.3433E-3
2.8192E-4
1.3429E-3
1.0135E-3
1.0470E-3
1.0176E-3
1.4383E-3
1.5957E-3
1.9076E-3
1.0207E-3
1.3745E-3
1.9133E-3
8.8376E-5
1.8361E-3
1.7856E-3
1.0195E-3
1.3419E-3
1.3442E-3
1.6195E-3
4.9328E-4
1.3867E-3
1.7493E-3
-4.2705E-4
7.5667E-4
3.2319E-3
1.6397E-4
1.3987E-3
6.7607E-4
2.0512E-3
6.9716E-4
1.1394E-3
1.7245E-3
3.3820E-3
7.2911E-4
2.8530E-3
2.1009E-3
7.1220E-4
1.8049E-3
9.7581E-4
1.0493E-3
1.6902E-3
8.5758E-4
7.5024E-4
2.6179E-3
1.6475E-3
1.3401E-3
1.3208E-3
6.8399E-4
7.4587E-4
2.2399E-3
1.8319E-3
1.7038E-3
2.9590E-3
1.7079E-3
2.3431E-3
1.3933E-3
1.0672E-3
1.7669E-3
4.5489E-4
1.3435E-3
8.0220E-4
2.9120E-3
4.9109E-4
1.0195E-3
6.0735E-4
1.4641E-3
1.3371E-3
2.8965E-3
1.7666E-3
3.6296E-4
4.2231E-4
2.3334E-3
7.5138E-4
3.0734E-4
3.9724E-4
4.3136E-4
5.4863E-4
1.2715E-3
1.4581E-3
2.7542E-3
1.5654E-3
2.6110E-3
3.1351E-3
2.2456E-3
1.0151E-3
1.5478E-3
1.7437E-3
1.7880E-3
2.1384E-3
1.1484E-3
1.5758E-3
5.5007E-4
1.9737E-3
2.5870E-3
1.5873E-3
2.4517E-3
1.8772E-3
5.8268E-4
1.3543E-3
1.6247E-3
2.0086E-3
1.8795E-3
1.7185E-3
2.1847E-3
2.3397E-3
4.5032E-4
1.6579E-3
1.3380E-3
1.2209E-3
-6.0232E-6
1.5105E-3
2.1301E-3
9.0937E-4
1.0046E-3
1.7369E-3
1.3831E-3
6.9608E-4
1.9889E-3
2.0850E-3
1.4653E-3
1.1154E-3
1.6714E-3
1.1574E-3
1.9190E-3
5.7496E-4
2.3039E-3
2.4677E-3
1.3709E-3
1.3023E-3
2.0613E-3
1.5990E-3
4.2873E-3
3.3112E-3
2.1963E-3
7.2565E-4
5.4726E-4
2.2858E-3
1.5071E-3
1.3757E-3
2.3619E-3
1.9060E-3
1.7872E-3
1.6240E-3
5.1777E-4
2.2303E-3
7.8139E-4
1.2054E-3
1.8731E-3
1.9614E-3
1.7839E-3
2.4357E-3
5.4320E-4
1.5605E-5
8.5589E-4
2.4098E-3
1.4832E-3
1.5716E-3
2.4128E-4
1.2756E-3
2.1963E-3
-6.2103E-4
1.5323E-3
-9.4073E-6
1.5916E-3
1.9784E-3
1.1167E-3
5.6696E-4
9.4370E-4
2.4575E-3
1.3822E-3
1.5912E-3
1.6485E-3
1.2081E-3
6.9518E-4
8.9139E-4
8.1066E-4
1.3030E-3
1.6691E-3
7.4635E-4
1.6112E-3
1.9084E-3
2.4440E-3
1.7743E-3
2.5663E-3
5.1514E-3
4.7400E-4
1.3214E-3
1.4755E-3
1.9252E-3
1.7777E-3
1.9170E-3
2.3929E-3
1.3053E-3
2.8766E-3
1.5973E-3
2.2641E-3
9.4482E-4
2.4219E-3
1.0126E-3
2.0004E-3
2.7869E-3
2.3612E-3
1.5877E-3
2.4230E-3
2.2078E-3
1.5695E-3
3.6300E-3
4.6203E-3
1.8478E-3
9.6588E-4
1.6975E-3
1.0168E-3
1.2705E-3
1.3542E-3
3.6680E-3
1.2122E-3
3.1553E-3
1.8518E-3
2.5211E-3
1.5301E-3
2.7137E-3
2.0176E-3
4.8235E-3
1.7858E-3
1.6473E-3
-2.8989E-4
1.7248E-3
2.1944E-3
2.0441E-3
1.8652E-3
2.2531E-3
1.7202E-3
1.3487E-3
1.8802E-3
1.5665E-4
1.6552E-3
-3.6447E-4
1.1345E-3
1.2613E-3
4.9055E-4
2.2258E-3
1.9932E-3
2.0088E-3
2.1634E-3
2.3632E-3
1.9207E-3
5.0697E-4
1.4414E-3
2.0462E-3
2.5540E-3
1.8240E-3
2.7212E-3
2.6547E-3
1.8807E-3
1.7353E-3
1.9014E-3
2.7563E-3
1.1774E-3
2.4103E-3
1.7768E-3
2.5950E-3
1.6253E-3
2.1343E-3
1.6983E-3
5.8141E-4
2.4657E-3
1.3767E-3
1.7629E-3
1.8814E-3
3.1924E-3
5.9713E-4
1.5354E-3
2.1297E-3
1.6670E-3
5.1426E-3
2.6947E-3
2.0572E-3
2.3713E-3
2.1124E-3
1.3486E-3
1.8375E-3
2.0622E-3
9.8592E-4
2.0918E-3
8.9810E-4
1.2657E-3
3.7169E-4
-4.5597E-4
-3.2448E-5
6.0713E-4
2.2484E-3
2.2462E-3
2.6986E-3
3.7462E-3
2.4711E-3
1.8919E-3
3.7201E-3
1.8252E-3
2.1849E-3
1.3670E-3
1.0655E-3
9.1058E-4
1.4375E-3
2.7223E-3
2.0667E-3
1.1619E-3
7.9114E-4
1.5380E-3
5.6514E-4
2.1581E-3
8.0449E-4
1.6349E-3
2.9294E-3
4.3044E-3
1.1914E-3
7.7744E-4
3.7505E-5
5.5340E-4
3.2283E-4
1.4926E-3
1.2765E-3
1.0733E-3
1.0576E-3
-5.8892E-4
1.6421E-3
1.3705E-3
8.9179E-4
3.4270E-4
-7.7575E-4
-7.6170E-5
1.1294E-4
1.9213E-3
1.1427E-3
7.2918E-4
1.6853E-3
4.3669E-4
2.5250E-4
1.3951E-4
8.9863E-4
2.1768E-3
1.1848E-3
-4.6712E-4
-1.9696E-4
5.8985E-5
-6.2995E-4
6.2162E-5
1.6870E-3
1.1096E-3
1.3170E-3
2.5875E-3
1.6833E-3
3.0298E-3
1.0461E-3
3.1711E-3
1.9640E-3
-3.8461E-4
6.0301E-4
1.2023E-3
1.4338E-3
1.6402E-3
1.5460E-3
8.6943E-4
4.9701E-4
2.5775E-3
8.9921E-4
4.6800E-4
1.1205E-3
-1.9374E-5
4.1451E-5
3.4200E-4
8.0125E-4
1.8531E-4
6.3751E-4
1.3444E-3
6.7484E-4
1.8535E-3
7.7915E-4
1.2609E-3
1.2151E-3
1.1010E-4
-4.5020E-4
-2.6514E-4
9.4290E-6
1.3204E-3
1.4270E-3
7.4230E-4
1.4513E-3
1.1637E-3
2.9789E-3
2.1281E-3
1.0411E-3
1.7794E-3
1.3052E-3
3.6272E-4
4.7765E-4
-3.3032E-4
-5.7599E-4
2.3665E-3
1.8397E-3
1.1178E-3
2.9470E-3
1.0334E-3
1.7859E-3
1.4283E-3
1.6002E-3
1.9784E-3
2.1256E-3
-3.2646E-4
-4.4931E-5
1.0112E-3
1.5587E-3
1.1024E-3
2.7945E-3
1.7833E-3
1.2090E-3
3.3550E-3
1.6776E-3
1.4960E-3
1.3400E-3
8.9277E-4
1.9552E-4
4.0040E-4
5.1276E-4
9.9014E-4
1.5153E-3
1.9267E-3
2.0793E-3
9.1626E-4
8.5412E-4
1.1652E-3
2.5677E-3
1.3277E-3
1.7450E-3
2.1637E-3
1.7083E-3
3.3291E-3
9.2084E-4
1.3199E-3
2.4945E-3
1.5679E-3
8.7439E-4
6.1121E-3
1.7075E-3
1.3545E-3
1.6663E-3
-1.3021E-4
-5.4257E-4
1.5878E-3
1.4777E-3
2.0551E-3
1.8836E-3
1.8551E-3
9.6400E-4
1.3966E-3
8.1740E-4
3.1001E-3
1.3038E-3
2.8721E-4
1.9207E-3
2.3547E-3
1.1946E-3
1.6446E-3
3.1218E-4
3.8908E-3
1.7106E-3
9.2353E-5
1.2013E-3
4.3450E-4
2.3578E-3
1.1109E-3
6.6350E-4
9.4293E-4
3.2767E-3
1.5275E-3
1.4512E-3
7.7176E-4
2.0992E-3
1.2843E-3
1.2843E-3
1.1832E-3
1.9316E-3
2.2507E-3
1.8854E-3
1.0768E-3
2.6581E-3
-5.8838E-5
1.2120E-3
2.0374E-3
3.1776E-3
1.7164E-3
2.7315E-3
1.6684E-3
2.5837E-4
1.0819E-3
1.9997E-3
1.1489E-3
2.2535E-3
2.0275E-3
1.0826E-3
-1.1178E-4
6.6992E-5
-1.1310E-4
1.1623E-4
2.3298E-3
1.0212E-3
9.2573E-4
2.6651E-3
2.3410E-3
1.7931E-3
1.6850E-3
1.9822E-3
7.5878E-4
2.6177E-3
2.6643E-3
1.4928E-3
1.9783E-3
3.1990E-3
1.1819E-3
7.3946E-4
2.0167E-3
8.5477E-4
2.5315E-3
2.3318E-3
1.2941E-3
2.1669E-3
1.0776E-3
1.5318E-3
1.1665E-3
1.6787E-3
2.7088E-3
2.4305E-3
7.8424E-4
1.9385E-3
2.8774E-4
1.1835E-3
2.6493E-3
2.3193E-3
1.5361E-3
2.3193E-3
2.3946E-3
2.2666E-3
2.4938E-3
2.6067E-4
1.5233E-3
2.3986E-3
1.9741E-3
2.5895E-3
2.4136E-3
1.7104E-3
2.3399E-3
2.2530E-3
1.5393E-4
2.1964E-5
-2.6906E-4
1.3353E-3
6.7936E-4
7.3240E-4
8.2386E-4
1.4997E-3
2.4685E-3
1.2983E-3
1.9051E-3
1.1008E-3
-8.1708E-5
2.1239E-3
1.5214E-3
1.6684E-3
1.7759E-3
1.9917E-3
9.8996E-4
1.1077E-3
1.2445E-3
2.5439E-3
1.0803E-3
4.6550E-3
1.8257E-3
1.7224E-3
1.8749E-3
4.3577E-4
1.6948E-3
1.6856E-3
2.2759E-3
1.9731E-3
1.1480E-3
2.1683E-3
1.0277E-3
2.3233E-3
6.2653E-4
2.2190E-3
1.1701E-3
3.0958E-3
2.7002E-3
2.1718E-3
2.5326E-3
2.2892E-3
2.1056E-3
1.1154E-3
3.4888E-3
2.0758E-3
9.5241E-4
1.6197E-3
1.8006E-3
1.5358E-3
1.9172E-3
1.1363E-3
2.5000E-3
1.9622E-3
3.1094E-4
9.4841E-4
1.3200E-3
6.4675E-4
8.4431E-4
2.0002E-3
1.8000E-3
2.1436E-3
2.1288E-3
1.7632E-3
2.7745E-3
3.4893E-3
1.3372E-3
4.2797E-3
2.5851E-3
2.2645E-3
3.5011E-3
4.3349E-3
2.6325E-3
2.2694E-3
2.5168E-3
4.1829E-4
1.1072E-3
7.6237E-4
1.2194E-3
6.6610E-4
4.5597E-4
1.1587E-3
1.3038E-4
2.5291E-3
8.1536E-4
6.7705E-4
1.1115E-3
1.0801E-3
8.1514E-4
6.2787E-4
1.5831E-3
1.0783E-3
1.9049E-3
1.5643E-3
1.1976E-3
1.1228E-3
1.9121E-3
1.1619E-3
7.5301E-4
1.0672E-3
6.9168E-4
1.8098E-3
7.3496E-4
1.0253E-3
1.6665E-3
7.5744E-4
5.7529E-4
9.0256E-4
1.6279E-3
6.9632E-4
8.7765E-4
1.9210E-3
1.0575E-3
2.4961E-4
-3.5051E-5
1.7256E-3
2.5396E-4
1.1562E-3
5.1179E-4
2.6171E-3
1.4642E-3
8.7627E-4
4.3775E-5
1.4717E-3
1.9010E-3
2.6997E-4
2.7484E-3
1.5780E-3
2.1961E-3
1.9238E-3
2.5071E-4
1.2820E-3
9.5579E-4
5.9396E-4
1.1276E-3
2.1375E-3
9.6004E-4
1.5142E-3
1.5161E-3
7.8860E-4
1.6958E-3
8.0101E-4
1.9680E-3
1.3595E-3
1.6664E-3
8.7912E-4
4.5817E-4
1.8029E-3
1.7805E-3
1.8129E-3
1.5962E-3
3.0278E-3
2.0539E-3
1.9292E-3
1.3619E-3
1.7232E-3
1.8365E-3
1.6216E-3
1.1835E-3
-2.1048E-4
1.2051E-3
1.4911E-3
7.6628E-4
1.9999E-3
2.0800E-3
1.7846E-3
2.4751E-3
2.2711E-3
2.0990E-3
1.7435E-3
3.9970E-4
1.4490E-3
2.2852E-3
1.6217E-3
1.2106E-3
1.1200E-3
2.6641E-3
2.2982E-4
1.1005E-3
1.2774E-3
1.0944E-3
1.2968E-3
1.4031E-3
1.0785E-3
3.4167E-4
8.3014E-4
9.6375E-4
1.7559E-3
8.2706E-4
1.8427E-3
2.0532E-3
1.7539E-3
1.3533E-3
2.0736E-3
1.2988E-3
1.1264E-3
1.7341E-3
1.3719E-3
1.1201E-3
1.5753E-3
2.1543E-3
1.3079E-3
1.2912E-3
1.9074E-3
1.7932E-3
2.7444E-3
1.6595E-3
3.1097E-3
1.6637E-3
8.4056E-4
9.9905E-4
1.6321E-3
1.2387E-3
2.2866E-3
2.1381E-3
1.6946E-3
1.5554E-3
1.0323E-3
2.1296E-3
1.1686E-3
3.7771E-3
1.8693E-3
-8.7082E-5
1.5108E-3
1.5294E-3
1.8257E-3
2.2904E-3
5.0879E-4
2.0424E-3
1.4252E-3
2.9142E-3
2.4247E-4
2.2343E-3
1.9569E-3
1.8182E-3
2.3174E-3
9.2807E-4
1.6971E-3
9.1980E-4
9.3072E-4
1.1377E-3
1.2878E-3
1.6274E-3
2.4774E-3
2.1413E-3
2.0207E-3
1.4259E-3
1.1635E-3
1.2292E-3
3.1400E-3
2.9065E-3
7.0377E-4
2.7585E-3
1.7462E-3
3.7156E-4
1.2086E-3
1.4199E-3
1.4016E-3
1.3688E-3
1.9699E-3
1.7212E-3
1.9172E-3
1.5492E-3
2.3730E-3
1.1472E-3
1.1306E-3
1.8310E-3
1.8676E-3
3.2914E-3
1.2410E-3
1.6142E-3
1.2409E-3
1.1772E-3
2.4534E-3
1.7556E-3
1.2399E-3
2.0319E-3
1.9645E-3
2.1285E-3
1.4674E-3
1.9540E-3
1.9505E-3
1.8714E-3
1.6164E-3
2.1133E-3
2.6931E-3
2.7814E-3
2.1432E-3
1.6455E-3
1.1590E-3
1.5488E-3
2.3195E-3
2.2863E-3
1.9748E-3
2.5299E-3
1.1612E-3
1.6274E-3
1.8904E-3
1.5130E-3
1.4106E-3
1.2522E-3
7.3508E-4
1.9121E-3
1.9003E-3
1.1142E-3
2.1430E-3
1.1476E-4
7.9490E-4
3.1103E-3
9.9010E-4
1.0974E-3
2.5743E-3
1.3146E-3
2.2081E-3
8.2517E-5
2.3819E-3
2.4306E-3
3.2373E-3
1.0648E-3
2.6014E-3
2.2433E-3
1.1380E-3
2.4600E-3
3.6425E-3
5.2820E-4
2.1294E-3
1.1270E-3
6.5645E-4
2.3379E-3
-7.8188E-5
1.2031E-3
1.1478E-3
1.4794E-3
1.9006E-4
8.1158E-4
1.6434E-3
2.0809E-3
2.3796E-3
1.4648E-3
1.4831E-3
1.7396E-3
2.5006E-3
9.0486E-4
7.9455E-4
3.4040E-3
2.1121E-3
9.6736E-4
2.8422E-3
2.5642E-3
1.5543E-3
1.4006E-3
1.3478E-3
7.5407E-4
1.0387E-3
1.2977E-3
7.1574E-4
1.4988E-3
1.2128E-3
2.7211E-3
3.7725E-3
7.3287E-4
2.3194E-3
1.6929E-3
6.9152E-4
2.6761E-3
2.4904E-3
1.6890E-3
2.0120E-3
1.3545E-3
3.6297E-4
1.8099E-3
1.9601E-3
1.6863E-3
2.0962E-3
1.4970E-3
1.0436E-3
1.2295E-3
2.7684E-3
1.5526E-3
2.1319E-3
2.7383E-3
5.3829E-3
1.9109E-3
1.0022E-3
2.7672E-3
1.4406E-3
1.7210E-3
1.6763E-3
6.9849E-4
1.9987E-3
7.7095E-4
2.1334E-3
4.9130E-4
1.0821E-3
2.0173E-3
1.7690E-3
2.9078E-3
1.2674E-3
1.7549E-3
2.0057E-3
5.9671E-4
8.9323E-4
1.8681E-3
2.0124E-3
1.7106E-4
1.1404E-3
2.3589E-3
2.2258E-3
1.5516E-3
1.0205E-3
5.6397E-4
1.9258E-3
1.7196E-3
1.0203E-3
1.9224E-3
1.5996E-4
1.3386E-3
2.1161E-3
3.7554E-4
2.0508E-3
3.6061E-4
1.2855E-3
1.9239E-3
1.7567E-3
1.0756E-3
2.0724E-3
1.1120E-3
1.8737E-3
1.3640E-3
3.3180E-3
2.4755E-3
1.6168E-3
2.9239E-3
2.2654E-3
2.5026E-3
2.5739E-3
1.8349E-3
2.8488E-3
2.4203E-3
1.5553E-3
1.0981E-3
1.2189E-3
2.2885E-3
7.4344E-4
1.4676E-3
1.5610E-3
1.5181E-3
2.4241E-3
1.4403E-3
3.1052E-4
1.1408E-3
1.1743E-3
1.2893E-3
1.0242E-3
1.3671E-3
8.6765E-4
9.4071E-4
1.1722E-3
5.7960E-4
9.3660E-4
1.2709E-3
5.3656E-4
2.1474E-3
1.0550E-3
1.1834E-3
2.7593E-3
8.0084E-4
4.5001E-3
2.3033E-3
2.1154E-3
3.0055E-3
1.8164E-3
1.7278E-3
1.0460E-3
1.6582E-3
3.0229E-3
1.7323E-3
1.8051E-3
2.2127E-3
1.7573E-3
1.8943E-3
1.5020E-3
1.5649E-3
1.9606E-3
1.7609E-3
2.7198E-3
1.7317E-3
2.9717E-4
1.4899E-3
2.1399E-3
1.6271E-3
1.2573E-3
1.6788E-3
2.0678E-3
4.7987E-4
1.5897E-3
7.5960E-4
1.7165E-3
3.3397E-4
7.9328E-4
1.8477E-3
1.5015E-3
4.6928E-4
1.8985E-3
1.6984E-3
1.1852E-3
1.6305E-3
1.6447E-3
1.6144E-3
1.7733E-3
7.8683E-4
1.9702E-3
1.6534E-3
2.8277E-3
1.2311E-3
1.0939E-3
2.3708E-3
3.1187E-5
1.1049E-3
5.2077E-1
2.3056E-3
1.9927E-3
8.6215E-4
1.6425E-3
3.4051E-2
2.2177E-3
1.1965E-3
1.6843E-3
1.2148E-3
1.4732E-3
9.7549E-4
2.1061E-3
1.0579E-3
6.4636E-4
1.9455E-3
7.4710E-4
8.8807E-4
2.2324E-3
9.4005E-4
1.4476E-3
2.0749E-3
1.3608E-3
2.1755E-3
6.7092E-4
1.3126E-3
1.5170E-3
1.2916E-3
8.7840E-4
2.7838E-3
2.6378E-3
2.2111E-3
1.3962E-3
1.5069E-3
1.8790E-3
2.6448E-3
1.1539E-3
2.0451E-3
1.2409E-3
8.8373E-4
2.1838E-3
1.8083E-3
1.8684E-3
1.4876E-3
2.5110E-3
3.3033E-3
2.4867E-3
2.6340E-3
1.6550E-3
7.7542E-4
1.8359E-3
1.8302E-3
1.3097E-3
2.6800E-3
1.2393E-3
1.7815E-3
-4.2879E-5
3.2938E-3
2.3765E-3
1.4440E-3
1.7431E-3
1.9699E-3
2.0084E-3
2.0322E-3
1.5282E-3
2.2183E-3
3.0809E-3
1.6258E-3
1.6849E-3
1.4027E-3
2.2568E-3
8.6316E-4
2.4953E-3
4.4893E-3
2.3590E-3
1.8119E-3
3.3193E-3
1.3060E-3
2.2957E-3
2.1042E-3
1.4370E-3
1.9660E-3
1.8355E-3
2.0847E-3
3.0571E-3
1.6689E-3
1.9268E-3
3.0618E-3
1.4712E-3
1.9533E-3
1.8855E-3
2.2247E-3
2.0950E-3
2.0547E-3
1.0099E-3
2.1106E-3
1.6347E-3
2.1363E-3
2.5072E-3
1.3263E-3
1.7671E-3
1.0416E-3
1.0246E-3
1.5599E-3
2.1846E-3
9.9351E-4
2.7626E-4
3.7087E-3
4.4385E-4
1.1246E-3
2.0073E-3
3.6035E-3
5.0267E-4
1.6780E-3
2.5668E-3
1.6068E-3
5.0864E-4
1.1782E-3
1.2937E-3
1.3199E-3
1.2649E-3
1.9973E-3
2.0610E-3
1.9344E-3
2.0530E-3
1.7340E-3
1.3872E-3
2.4328E-3
2.5763E-3
1.0520E-3
1.9587E-3
1.2461E-3
2.2902E-3
3.2944E-3
1.6813E-3
1.2131E-3
1.9911E-3
1.2175E-3
1.4845E-3
2.5254E-3
1.5094E-3
3.3429E-3
1.3597E-3
2.4403E-3
2.2287E-3
3.3467E-3
1.0489E-3
2.3563E-3
2.2979E-3
2.1063E-3
1.8673E-3
1.9305E-3
2.5907E-3
2.3790E-3
2.1293E-3
1.6826E-3
2.8366E-3
2.2943E-3
1.0847E-3
2.4172E-3
1.9807E-3
1.2535E-3
1.4550E-3
-7.3762E-4
8.3154E-4
3.9953E-4
2.3186E-3
3.4012E-4
6.1434E-5
1.4202E-3
1.4360E-3
1.5439E-3
1.3243E-3
1.0297E-3
5.8559E-4
2.0186E-3
4.3835E-3
2.9931E-3
1.3283E-3
1.7069E-3
8.6152E-4
1.6156E-3
9.1782E-4
1.1718E-3
2.3299E-3
1.1264E-3
1.7022E-3
2.6175E-3
1.3610E-3
1.4639E-3
1.6235E-3
2.1801E-3
2.4837E-3
7.5014E-4
4.3920E-3
5.9650E-4
1.5941E-3
2.5766E-3
4.2865E-4
2.5397E-3
9.6868E-4
3.5425E-3
9.2588E-4
1.6087E-3
8.6508E-3
1.4238E-3
1.0719E-3
2.6924E-3
1.9735E-3
3.2362E-3
2.2021E-3
2.2194E-3
2.3705E-3
2.8474E-3
1.3622E-3
1.4393E-3
1.3309E-3
3.1857E-3
2.0990E-3
8.3077E-4
2.3940E-3
2.4408E-3
2.3934E-3
2.1874E-3
8.5962E-4
2.4715E-3
2.3389E-3
2.1566E-3
2.6685E-3
2.5228E-4
2.0029E-3
2.6067E-3
9.1050E-5
1.9120E-3
8.4082E-4
1.4242E-3
1.3212E-3
1.7254E-3
8.2103E-4
8.0624E-4
1.2470E-3
1.1120E-3
1.7772E-3
-1.7121E-5
2.4363E-3
1.4143E-3
1.1038E-3
-7.6133E-4
1.0833E-3
1.1878E-3
1.0285E-3
1.3033E-3
1.7805E-3
2.8523E-3
1.6231E-3
1.1935E-3
1.9306E-3
1.3649E-3
2.4520E-4
2.7837E-3
1.5182E-3
1.5946E-3
1.7894E-3
1.1200E-3
1.1393E-3
2.3718E-3
8.5362E-4
1.1939E-3
1.6091E-3
8.4002E-4
1.3303E-3
5.0708E-4
1.7655E-3
1.9177E-3
1.3924E-3
3.0348E-4
9.6863E-4
8.5607E-4
1.5531E-3
1.2000E-3
1.1398E-3
2.2461E-4
1.2295E-3
1.9421E-3
4.9805E-4
1.2622E-3
2.4097E-3
2.5586E-3
5.7263E-4
2.1130E-3
2.5880E-3
1.8504E-3
8.4827E-4
1.0514E-3
1.2880E-2
2.5649E-3
1.1632E-3
1.2081E-3
1.0802E-3
2.2566E-3
1.7540E-3
1.2421E-3
1.6051E-3
1.6011E-3
2.0778E-3
1.2659E-3
1.3722E-3
1.5624E-3
3.4953E-3
1.5041E-3
2.8029E-3
1.9561E-3
1.4707E-2
6.0080E-4
1.8608E-3
1.9621E-3
1.7393E-3
1.7253E-3
1.6166E-3
2.1526E-3
1.7777E-3
1.9240E-3
2.4005E-3
1.5631E-3
9.7661E-4
1.6349E-3
1.7795E-3
1.6076E-3
2.0220E-3
5.8701E-4
1.9776E-3
1.2192E-3
2.8402E-3
1.9727E-3
1.3314E-3
1.8108E-3
6.2101E-4
1.1221E-4
3.7242E-4
2.8275E-3
8.0416E-4
1.4056E-3
1.5736E-3
3.2026E-4
1.7481E-3
1.9123E-3
1.4461E-3
1.6348E-3
1.0045E-3
6.9261E-4
4.3361E-3
2.3721E-3
1.2147E-3
9.0404E-4
1.5215E-3
2.0450E-3
1.5985E-3
1.3120E-3
2.3561E-3
1.5356E-3
1.4582E-3
1.4694E-3
1.6625E-3
1.3519E-3
1.1766E-2
2.3167E-4
8.1841E-4
1.6369E-3
1.8853E-3
1.3928E-3
2.6577E-3
1.4788E-3
1.7555E-3
1.5139E-3
1.9259E-3
1.9931E-3
1.5677E-3
2.3677E-3
9.8334E-4
3.9378E-4
8.3397E-4
2.3404E-3
1.7658E-3
1.9800E-3
1.2948E-3
1.9659E-3
1.7832E-3
1.4448E-3
1.1021E-3
1.5919E-3
1.3256E-3
1.8008E-3
2.0783E-3
2.0770E-3
1.0328E-3
2.3965E-3
1.1395E-3
4.6721E-4
1.0961E-3
2.5824E-3
-1.6217E-4
1.1098E-4
-2.0341E-4
1.4670E-3
9.4565E-4
8.8855E-4
4.6743E-4
6.0950E-4
1.7899E-3
2.4696E-3
1.7739E-3
1.8203E-4
4.8740E-4
3.6159E-4
8.1713E-4
4.3327E-5
1.6127E-3
2.0408E-3
1.5809E-3
1.2891E-3
2.5004E-3
3.3565E-3
1.3418E-3
1.7762E-3
2.5193E-3
1.3789E-3
2.6108E-3
-2.8338E-4
8.6799E-4
3.1377E-4
2.0977E-3
1.5357E-3
2.1254E-3
1.7960E-3
3.4880E-3
1.5895E-3
1.7784E-3
3.4189E-3
8.2641E-4
8.2194E-4
1.7843E-3
5.9167E-4
2.4028E-3
2.1051E-3
2.1215E-3
1.3835E-3
1.5302E-3
2.4640E-3
1.8845E-3
1.9647E-3
1.7158E-3
5.1784E-4
-8.7955E-4
-4.0073E-4
1.1458E-3
1.4252E-3
1.4794E-3
1.3331E-3
1.7391E-3
1.8012E-3
9.7126E-4
2.3146E-3
1.9492E-3
1.1804E-3
2.4284E-3
3.2617E-5
-1.3660E-4
-9.6238E-4
2.0975E-4
8.7727E-4
1.6698E-3
2.2536E-3
6.6059E-4
1.8426E-3
2.5376E-3
1.7436E-3
2.1663E-3
1.7696E-3
1.9698E-3
-4.0481E-4
3.1045E-4
5.4345E-4
2.4028E-3
2.3916E-3
1.9225E-3
2.2123E-3
2.6779E-3
2.5575E-3
2.7985E-3
1.0155E-3
2.5416E-3
1.7076E-3
1.2958E-3
1.5116E-3
5.0151E-4
2.1903E-3
1.5263E-3
1.4672E-3
1.7449E-3
2.5903E-3
1.5727E-3
2.1651E-3
1.0702E-3
1.5819E-3
2.1605E-3
6.0858E-4
1.2484E-3
2.0556E-3
2.2996E-3
3.3929E-3
1.9667E-3
1.3924E-3
2.0954E-3
2.4556E-3
1.1544E-3
2.1012E-3
1.8832E-3
2.1388E-3
3.8916E-3
2.2154E-3
1.8055E-3
2.5382E-3
1.0581E-3
2.3877E-3
1.4805E-3
2.3081E-3
2.5941E-3
3.1192E-3
1.7170E-3
3.5232E-3
2.7467E-3
2.1264E-3
2.5607E-3
1.4766E-3
1.8946E-3
1.0923E-3
8.1534E-4
2.1208E-3
1.2776E-3
2.1189E-3
1.4455E-3
1.5031E-3
1.2691E-3
6.5702E-4
1.0953E-3
2.0489E-3
1.6882E-3
7.4446E-4
2.3325E-3
1.0271E-3
1.5103E-3
3.4129E-3
2.3452E-3
1.3098E-3
2.5704E-3
1.9948E-3
2.0337E-3
9.4032E-4
1.3342E-3
2.0870E-3
1.4682E-3
2.4721E-3
1.5526E-3
2.3122E-3
2.1279E-4
2.1516E-3
2.0557E-3
2.7714E-3
2.5373E-3
1.6116E-3
1.0869E-3
1.0050E-3
1.7821E-3
1.6794E-3
8.5855E-4
1.9956E-3
1.7179E-3
1.6913E-3
2.6890E-3
2.1592E-3
2.0078E-3
8.3379E-3
2.7108E-3
2.8179E-3
3.2427E-3
1.7558E-3
2.5002E-3
2.6727E-3
2.5103E-3
2.2647E-3
1.4064E-3
2.8766E-3
2.0089E-3
2.6702E-3
3.7791E-3
1.0087E-3
9.8713E-4
1.6641E-3
2.1062E-3
8.2798E-4
1.1371E-3
2.1646E-3
2.4956E-3
-3.5623E-4
2.0337E-3
7.8529E-4
7.4777E-4
1.5650E-3
8.5798E-4
1.8409E-3
1.3449E-3
3.9342E-3
9.5764E-4
2.0895E-3
1.6848E-3
1.9010E-3
2.2940E-3
1.2837E-3
1.1040E-3
3.6068E-4
1.9448E-3
2.4307E-3
1.6828E-3
1.1511E-3
1.0145E-3
9.3136E-4
1.6736E-3
1.7929E-4
9.1196E-4
9.8777E-4
7.8906E-4
1.3481E-3
1.2999E-3
2.8619E-3
1.4859E-3
2.9473E-3
1.2962E-3
1.8219E-3
1.9111E-3
1.3340E-3
1.7234E-3
1.3448E-3
2.1630E-3
1.3934E-3
6.5068E-4
1.9962E-3
1.9531E-3
1.7253E-3
6.8984E-4
1.7091E-3
2.0060E-3
1.7102E-3
1.4192E-3
1.8462E-3
7.1546E-5
1.3483E-3
1.4638E-3
7.0071E-4
8.2305E-4
1.6757E-3
1.5202E-3
1.7694E-3
4.2648E-3
2.3261E-3
2.1260E-3
2.3597E-3
1.7175E-3
1.8281E-3
2.7234E-3
2.5350E-3
1.4640E-3
1.3711E-3
1.3742E-3
1.8681E-3
1.5452E-3
1.8063E-3
1.0257E-3
1.0587E-3
1.0312E-3
9.9072E-4
9.0545E-4
5.8446E-4
1.1645E-3
2.2616E-3
1.6549E-3
2.3145E-3
1.6713E-3
1.0662E-3
1.7368E-3
2.4738E-3
1.7714E-3
1.6633E-3
2.2564E-3
9.1005E-4
1.1080E-3
1.7395E-3
1.6289E-3
1.6391E-3
1.1706E-3
5.9297E-4
1.2989E-3
1.1882E-3
1.9641E-3
1.3354E-3
-4.8500E-4
1.8103E-3
1.4348E-3
1.8238E-3
1.8705E-3
1.4450E-3
1.0453E-3
3.3428E-3
8.5085E-4
1.6196E-3
8.2081E-4
1.1695E-3
1.3595E-3
1.8529E-3
1.7061E-3
1.4780E-3
5.4120E-4
2.2791E-3
2.0245E-3
1.1667E-3
1.7252E-3
1.1273E-3
1.7503E-3
1.9277E-3
1.4552E-3
3.3314E-4
1.7663E-3
2.0151E-3
1.9090E-3
1.3709E-3
1.1244E-3
1.9174E-3
3.4656E-3
1.2425E-3
1.6191E-3
1.9716E-3
4.2691E-3
1.7727E-3
1.4649E-3
2.6412E-3
1.5007E-3
1.9423E-3
1.3004E-3
1.3747E-2
1.7050E-3
1.3098E-3
1.2886E-3
8.0148E-4
1.4066E-3
7.1462E-4
2.0140E-3
1.6722E-3
1.4094E-3
2.0671E-3
1.2991E-3
2.2284E-3
3.9362E-3
2.3967E-3
1.5241E-3
2.2165E-3
2.3199E-3
2.0522E-3
8.6876E-4
1.0214E-3
3.5660E-4
2.1684E-3
7.7055E-4
3.2067E-3
1.5985E-3
8.6831E-4
1.4559E-3
1.0566E-3
1.3929E-3
1.5728E-3
6.5337E-4
1.8726E-3
2.0890E-3
1.8067E-3
9.3240E-4
1.4286E-3
2.6250E-4
2.0199E-3
1.7381E-3
1.9015E-3
1.5117E-3
2.2928E-3
1.9331E-3
2.3454E-3
2.0346E-3
2.1579E-3
1.6837E-3
1.4841E-3
1.2310E-3
1.7656E-3
1.1107E-3
2.7959E-3
8.7497E-3
2.4952E-3
9.5136E-4
7.1107E-4
1.7319E-3
2.4554E-3
2.0701E-3
1.6917E-3
1.8149E-3
2.1479E-3
2.4241E-3
2.7469E-3
1.8416E-3
1.2457E-3
1.2668E-3
1.3919E-3
3.3129E-3
1.1203E-3
1.7475E-3
1.4788E-3
7.2026E-4
1.5808E-3
1.9570E-3
1.4047E-3
2.5313E-3
6.2803E-4
1.7954E-3
2.0247E-3
3.7011E-3
1.2075E-3
5.2076E-4
2.5113E-5
1.5643E-3
7.4623E-4
8.1666E-4
3.5655E-3
2.2238E-3
1.7442E-3
1.8986E-3
2.2280E-3
1.7105E-3
2.4460E-3
1.2625E-3
2.1741E-3
3.1929E-3
1.4088E-3
2.4361E-3
2.2128E-3
1.8259E-3
1.8129E-3
1.6903E-3
8.3224E-4
1.1937E-3
2.0196E-3
1.2313E-3
3.3721E-3
1.7848E-3
2.7152E-3
2.1241E-3
2.3706E-3
1.9836E-3
3.2483E-3
2.0050E-3
1.6322E-3
2.0604E-3
1.8950E-3
1.1146E-3
3.1651E-3
1.3793E-3
1.4861E-3
2.3828E-3
3.4987E-3
9.5873E-4
1.0040E-3
2.1084E-3
2.1149E-3
2.3484E-3
3.9448E-3
1.6918E-3
4.4554E-4
2.3792E-3
3.9121E-4
1.5072E-3
1.7888E-3
1.5381E-3
1.5921E-3
1.2687E-3
-5.6569E-4
1.7300E-3
1.7839E-3
2.7190E-3
2.6536E-3
1.1253E-3
1.8566E-2
2.0398E-3
1.5420E-3
2.4695E-3
8.0862E-4
2.2941E-3
2.1402E-3
2.1398E-3
7.5357E-4
9.6882E-4
1.4251E-3
8.4929E-4
2.3590E-3
1.7426E-3
1.1358E-3
1.9519E-3
6.1095E-4
4.2231E-4
3.6289E-3
1.4619E-3
1.7468E-3
1.6573E-3
3.5304E-4
1.7536E-3
1.8304E-3
1.0531E-4
1.1204E-3
1.1825E-3
6.6694E-4
1.6499E-3
1.3773E-3
7.9605E-4
6.7701E-4
1.8613E-3
1.2332E-3
1.5215E-3
1.4666E-3
1.2541E-3
1.4049E-3
2.0886E-3
8.2228E-4
2.3450E-4
1.9834E-3
1.5002E-3
2.5194E-3
1.6814E-3
9.6030E-4
1.2802E-3
1.2124E-3
1.0329E-3
8.9754E-4
1.5968E-3
9.1733E-4
8.2610E-4
7.7569E-4
8.2865E-4
-2.6378E-5
4.5399E-4
8.0249E-4
1.0341E-3
1.1490E-3
9.6283E-4
8.7403E-4
1.2799E-3
1.1922E-3
2.0269E-3
1.7799E-3
3.8556E-3
2.8405E-3
1.8067E-3
8.2270E-4
1.5907E-3
1.2886E-3
1.7298E-3
1.5642E-3
2.4436E-3
1.8271E-3
1.7402E-3
1.9745E-3
1.8995E-3
3.9669E-4
1.9742E-3
2.2417E-3
1.8940E-3
1.2931E-3
1.9827E-3
9.1666E-4
1.7828E-3
3.1938E-3
1.3038E-3
7.6103E-4
9.0852E-4
2.0014E-3
7.5861E-4
2.8344E-4
1.4843E-3
1.2258E-3
1.7798E-3
1.2703E-3
1.7411E-3
1.1802E-3
2.2598E-3
1.1341E-3
1.7289E-3
1.6177E-3
2.3984E-3
2.0499E-3
1.1149E-3
2.1287E-3
2.0640E-3
1.2127E-3
1.4168E-3
1.7420E-3
1.9999E-3
1.6720E-3
2.1760E-3
1.2191E-3
1.6477E-3
1.5087E-3
1.7016E-3
1.3571E-3
2.2675E-3
1.1187E-3
1.6826E-3
1.0030E-3
8.3520E-4
1.0495E-3
2.5480E-4
1.7333E-3
1.2654E-3
1.9250E-3
2.0489E-3
3.7209E-3
1.8964E-3
2.1637E-3
1.6480E-3
2.0525E-3
2.1072E-3
2.1331E-3
2.1794E-3
1.5620E-3
1.4978E-3
9.1034E-4
8.4216E-4
2.9455E-3
1.3721E-3
1.1484E-3
1.8822E-3
1.9186E-3
1.9403E-3
2.1421E-3
1.4347E-3
1.6009E-3
1.5028E-3
1.8082E-3
1.1150E-3
1.0978E-3
8.2731E-4
5.3779E-4
1.6165E-3
2.0595E-3
2.5860E-3
1.6712E-3
6.1328E-4
1.9176E-3
2.0292E-3
9.2860E-4
2.5045E-3
2.2843E-3
2.7182E-3
1.9960E-3
2.5748E-3
1.0032E-3
1.4320E-3
3.1813E-3
2.1912E-3
1.4619E-3
2.1489E-3
2.1131E-3
3.1024E-3
1.6273E-3
9.6144E-4
1.4195E-3
2.0356E-3
2.0594E-3
6.3305E-4
2.0167E-3
1.6265E-3
1.3983E-3
1.1726E-3
1.8923E-3
1.1421E-3
1.9238E-3
1.7136E-3
1.3753E-3
1.3800E-3
1.1160E-3
1.4380E-3
2.1745E-3
2.2891E-3
2.4099E-3
2.0132E-3
1.8955E-3
1.6658E-3
1.6872E-3
2.1272E-3
3.9542E-3
1.3559E-3
1.1399E-3
9.1702E-4
8.8202E-4
1.4078E-3
1.5172E-3
1.6405E-3
1.0160E-3
1.4763E-3
1.5888E-3
1.3167E-3
1.8599E-3
1.1703E-3
2.0694E-3
8.6171E-4
1.5269E-3
1.7415E-3
2.1076E-3
2.9145E-3
2.1495E-3
1.5340E-3
1.6108E-3
1.7452E-3
2.3774E-3
1.6853E-3
6.5121E-4
2.1567E-3
3.2124E-3
1.3483E-3
1.7203E-3
1.9771E-3
4.6998E-3
8.5840E-4
2.6979E-3
7.8273E-4
2.6287E-3
2.1475E-3
1.4717E-3
1.5938E-3
2.4209E-3
2.0659E-3
2.1833E-3
1.8130E-3
2.7525E-3
3.7083E-3
1.1152E-3
2.0944E-3
7.4661E-4
2.2834E-3
1.7961E-3
2.1475E-3
1.5189E-3
1.8789E-3
1.6958E-3
1.4163E-3
2.0393E-3
1.4316E-3
1.8624E-3
2.0877E-3
1.2275E-3
1.7567E-3
9.6094E-4
2.1807E-3
1.4998E-3
1.6679E-3
7.4349E-4
1.3738E-3
2.6728E-3
5.4958E-4
1.6474E-3
2.3360E-3
1.2283E-3
2.0725E-3
1.4521E-3
1.8886E-3
6.5299E-4
1.3368E-3
2.5001E-3
2.1643E-4
2.3878E-3
2.0540E-3
2.0070E-3
1.2194E-3
1.3894E-3
2.2963E-3
1.2845E-3
1.9681E-3
3.3551E-3
2.0857E-3
2.5881E-3
1.8866E-3
7.8638E-4
2.4816E-3
1.7291E-3
9.2167E-4
2.2569E-3
2.5308E-3
8.9056E-4
1.6893E-3
1.7501E-3
1.1300E-3
2.3992E-3
1.4846E-3
1.5719E-3
2.0733E-3
2.1298E-3
2.1444E-3
8.9645E-4
2.5933E-3
1.0087E-3
1.9795E-3
4.9078E-4
1.5013E-3
2.0503E-3
1.3394E-3
1.0709E-4
2.4174E-3
9.7786E-4
1.1616E-3
1.4985E-3
2.5015E-4
1.8431E-3
1.7146E-3
2.2926E-3
4.1475E-3
7.1852E-4
7.9427E-4
8.1760E-4
1.8942E-3
1.5207E-3
1.3087E-3
1.4104E-3
2.1608E-3
2.0317E-3
1.2193E-3
1.4990E-3
1.6265E-3
2.1007E-3
3.1853E-4
1.1485E-3
5.9860E-4
1.7132E-3
1.8141E-3
1.4808E-4
1.3223E-3
1.3920E-3
1.5118E-3
9.3404E-4
1.4605E-3
1.9393E-3
1.1459E-3
1.7847E-3
1.5786E-3
2.1770E-4
3.4773E-3
1.7684E-3
1.4065E-3
2.2672E-3
1.1756E-3
2.5229E-3
1.6401E-3
1.9900E-3
7.7394E-4
1.9093E-3
2.2269E-3
1.5026E-3
2.2589E-3
1.7141E-3
1.4949E-3
1.1920E-3
1.5242E-3
2.3383E-3
9.0390E-4
1.5048E-3
1.8463E-5
1.8183E-3
2.4443E-3
2.0201E-3
1.1762E-3
1.3329E-3
2.5262E-3
1.5831E-3
1.2813E-3
1.0585E-3
8.4978E-4
4.1200E-5
1.6592E-3
5.9986E-4
1.1841E-3
1.3819E-3
1.4877E-3
1.3203E-3
1.4084E-3
1.3090E-3
1.1658E-3
1.6617E-3
1.2134E-3
7.8994E-3
9.2330E-4
9.0692E-4
2.4897E-3
2.1263E-3
1.3716E-3
9.0119E-4
1.6064E-3
1.7387E-3
1.6540E-3
1.6988E-3
8.7977E-4
1.1287E-3
1.5135E-3
2.0143E-3
9.0020E-4
1.0533E-3
1.2662E-3
8.7119E-4
3.9358E-4
5.4319E-4
2.3162E-3
9.6256E-4
9.9049E-4
8.1787E-4
9.1142E-4
1.8036E-3
7.7988E-4
-1.7733E-4
5.0704E-4
1.3811E-3
5.2081E-4
1.6790E-3
1.4924E-3
1.1189E-3
9.4483E-4
8.3706E-4
7.0392E-4
3.2473E-3
1.5190E-3
3.7698E-4
3.6014E-3
5.1204E-4
1.2078E-3
1.0811E-3
1.5301E-3
5.9898E-4
1.7569E-3
2.8094E-3
1.0837E-3
1.6000E-3
2.6278E-3
9.6972E-4
1.4280E-3
1.6669E-3
1.3199E-3
9.4165E-4
2.6386E-3
2.8426E-4
1.4157E-3
9.3463E-4
1.6293E-3
2.1758E-3
2.5122E-3
1.2423E-3
1.3573E-3
3.1120E-3
1.3076E-3
1.2738E-3
6.8876E-4
1.0319E-3
1.2700E-4
1.6857E-3
1.1402E-3
1.1646E-3
1.8407E-4
3.3172E-3
1.7099E-3
8.2193E-4
1.2593E-3
1.2211E-3
5.5088E-3
1.2386E-3
1.6711E-3
1.4912E-3
8.4517E-4
1.0091E-3
1.2247E-3
1.5281E-3
1.4539E-3
1.3584E-3
1.5134E-3
2.1840E-4
1.0417E-3
1.7710E-3
1.4808E-3
1.3992E-3
1.2201E-3
1.0417E-3
1.3754E-3
1.3675E-3
1.4688E-3
1.5391E-3
1.0534E-3
1.3836E-3
3.7432E-3
4.1765E-4
1.3395E-3
2.4581E-3
9.6451E-4
1.0931E-3
1.4984E-3
1.9057E-3
1.9369E-3
5.6493E-4
4.3629E-4
1.4310E-3
2.6292E-3
1.7975E-3
1.7811E-3
1.4842E-3
1.2428E-3
1.2228E-3
6.6946E-4
1.8518E-3
1.6452E-3
2.5336E-4
1.6167E-3
1.1968E-3
1.0118E-3
6.9894E-4
2.8632E-3
2.0120E-3
2.5936E-3
1.9095E-3
1.4246E-3
2.0001E-3
1.7141E-3
1.8273E-3
1.2858E-3
9.8378E-4
2.1950E-3
3.2759E-3
1.3025E-3
1.8571E-3
5.4882E-4
2.1193E-3
8.4024E-4
8.5078E-4
3.6721E-3
1.0266E-3
1.7037E-3
1.6083E-3
8.2770E-4
1.7922E-3
1.8982E-3
1.6530E-4
7.9330E-4
8.1810E-4
7.6858E-2
5.5716E-4
1.8142E-3
1.5522E-3
1.6924E-3
2.4986E-3
1.5779E-3
1.6489E-3
1.5027E-3
1.7396E-3
1.5202E-3
1.5746E-3
2.1336E-3
2.5547E-3
2.4579E-3
2.1092E-3
2.4797E-3
9.9368E-4
2.3407E-3
1.8790E-3
9.9059E-4
1.6388E-3
1.8495E-3
1.7473E-3
4.9094E-4
1.1554E-3
1.0111E-3
1.4141E-3
2.3011E-3
2.9235E-4
1.7887E-3
2.5088E-3
1.8154E-3
9.3068E-4
1.5509E-3
1.6825E-3
1.7046E-3
1.2099E-3
9.7181E-4
1.2378E-3
3.5965E-4
1.6884E-3
1.2281E-3
1.8558E-3
1.4868E-3
1.1195E-3
5.0621E-4
1.3661E-3
1.4544E-3
4.9899E-4
7.0205E-4
1.3379E-4
1.0051E-3
2.0394E-3
1.4783E-3
3.2953E-3
-3.1793E-4
1.5587E-3
1.5150E-3
1.9688E-3
1.9193E-3
1.9072E-3
2.6999E-4
1.3903E-3
1.4658E-3
2.4944E-3
1.5026E-3
2.2832E-3
2.3396E-3
2.8086E-3
2.8070E-4
2.2596E-4
1.3366E-3
6.9798E-4
7.1398E-4
1.9152E-4
1.0284E-3
7.1781E-4
1.6528E-3
2.3390E-3
1.1217E-3
1.5433E-3
1.0092E-3
1.5716E-3
1.3606E-3
1.3392E-3
3.6448E-4
-2.2177E-4
1.2861E-3
1.3643E-3
1.6323E-3
2.2475E-3
2.9074E-4
1.8671E-3
1.8884E-3
2.4857E-3
2.2593E-3
1.5177E-3
1.4069E-3
1.2626E-3
1.6911E-3
7.2707E-4
5.5750E-4
5.5405E-4
2.7992E-4
2.4212E-3
2.2665E-3
2.4788E-3
1.8287E-3
1.3652E-3
2.3501E-3
2.5213E-3
1.9529E-3
1.6076E-3
1.0526E-3
7.2646E-4
9.1484E-4
1.0644E-3
1.4352E-3
2.8444E-3
2.4011E-3
2.5964E-3
2.8912E-3
2.4282E-3
2.1195E-3
2.4720E-3
1.5373E-3
1.0648E-3
