87
52
4.6203E-4
8.1990E-4
1.1303E-4
1.2710E-4
4.2496E-4
-1.4670E-4
2.9518E-4
6.0413E-4
3.4243E-4
2.1779E-4
7.4314E-5
3.0787E-4
2.9223E-4
-2.3721E-5
4.0320E-4
-3.8968E-4
5.6843E-5
-5.9404E-5
1.6175E-6
7.0878E-4
2.8036E-4
-1.6984E-4
3.8184E-5
-2.3181E-4
5.9845E-4
1.1137E-3
1.3842E-3
1.1690E-3
-1.4286E-4
3.5100E-5
-1.2366E-4
-3.8209E-4
-1.6645E-4
1.2012E-4
-1.2505E-4
-3.0973E-4
5.7019E-4
5.8388E-4
3.9811E-4
-1.3755E-6
-5.6344E-4
5.6125E-4
-4.6786E-5
2.6669E-4
2.2001E-4
-5.1095E-5
3.0154E-4
-3.9522E-4
6.2832E-4
3.9468E-4
8.3975E-4
1.4182E-3
3.9832E-4
1.3187E-5
4.5156E-4
-1.7956E-5
6.6571E-4
-4.2890E-5
2.2539E-5
-9.7756E-5
1.2543E-4
1.2379E-4
-8.2842E-4
1.6142E-5
9.5136E-5
5.4311E-4
-2.1602E-4
5.0854E-4
-1.9363E-4
1.8607E-4
-5.7681E-5
3.6498E-4
3.0261E-4
3.8571E-4
4.3648E-4
2.8509E-4
4.6370E-5
-3.1387E-5
1.2021E-3
-9.8540E-5
3.0631E-4
-4.1177E-5
-7.7103E-5
6.8063E-4
7.7260E-4
2.3581E-4
-1.6923E-4
-2.9538E-4
-1.7693E-5
-2.1802E-4
-1.2730E-4
-6.0277E-4
1.5592E-4
2.6932E-4
9.6453E-4
-1.6703E-5
-6.6641E-4
3.8939E-5
1.6751E-4
1.2262E-3
4.5337E-4
3.4561E-4
-4.9138E-4
1.5748E-3
3.0265E-4
-1.9543E-4
3.9034E-4
-4.1683E-4
5.9758E-4
-1.4204E-4
-3.8930E-4
-1.1920E-4
6.7719E-5
-3.1724E-4
-2.6340E-4
2.6794E-4
4.5588E-4
9.8176E-4
-5.7235E-5
4.4997E-4
-1.1158E-4
7.6999E-4
-4.1440E-4
-1.9698E-4
-7.6626E-5
2.6272E-5
-8.7914E-5
8.4747E-4
-4.8478E-4
2.0863E-4
1.6802E-3
3.1964E-4
1.5357E-4
3.5858E-4
1.0076E-4
1.1097E-4
1.9401E-4
3.7800E-4
-9.7503E-5
1.3524E-4
3.5269E-5
1.6506E-4
1.1989E-3
4.4414E-4
-9.6570E-5
4.4842E-5
-4.5593E-4
4.6320E-4
1.1160E-4
2.8099E-4
-1.7803E-5
4.7367E-4
3.9311E-5
6.4424E-5
-6.2819E-4
1.3819E-4
2.9698E-4
8.4063E-5
5.0650E-4
3.9898E-5
8.3368E-5
-2.9156E-4
2.2124E-4
-3.2220E-5
3.6185E-4
1.7609E-4
-2.6212E-4
-6.3169E-4
3.0209E-4
4.4840E-4
6.3530E-4
-7.4615E-5
-2.5170E-4
3.9319E-4
1.2901E-5
3.6451E-4
-7.5295E-4
-3.0209E-4
-3.2422E-4
-3.3466E-4
-2.5838E-4
1.8175E-4
6.4940E-5
-6.4838E-5
-1.9358E-4
-1.0263E-5
3.2979E-4
-4.3618E-5
-2.5721E-4
2.7377E-4
3.1435E-4
7.4244E-5
4.0368E-4
3.7339E-4
3.0194E-4
-2.6210E-4
-2.1361E-4
-1.9817E-5
-3.7722E-4
9.3561E-4
5.9169E-4
6.6604E-4
-4.1192E-5
6.0669E-4
3.3435E-4
2.8035E-5
3.6387E-4
4.9837E-5
-5.2521E-4
6.9578E-5
-2.0460E-5
-2.7861E-4
3.9535E-4
2.5894E-4
-4.4044E-5
5.3304E-4
1.2203E-3
9.2061E-4
3.5507E-4
-2.8272E-4
5.0201E-4
6.4281E-4
1.5620E-5
-8.0484E-4
8.0187E-4
2.6733E-4
-2.4978E-4
-6.9712E-6
4.6407E-5
5.1211E-4
-1.5148E-4
8.5180E-5
1.4243E-4
-4.8534E-4
-3.1743E-5
-7.1284E-4
1.5064E-4
2.2032E-4
-6.0909E-5
-2.1156E-4
1.3283E-4
2.2745E-4
-3.8187E-4
3.2562E-4
4.1621E-4
-1.4575E-4
-2.4380E-5
3.9293E-4
7.9216E-5
6.8833E-5
-4.1377E-4
2.3378E-4
1.4650E-4
-6.1293E-5
3.5864E-4
6.8010E-4
3.1392E-5
3.4346E-4
6.8169E-4
-1.7297E-4
-2.6454E-4
1.9737E-4
1.2702E-4
1.3856E-4
2.3533E-4
5.9303E-4
-2.6326E-4
3.6283E-4
-1.1201E-5
5.3143E-4
3.2707E-4
-1.5981E-4
-1.9966E-4
2.3265E-4
4.1963E-4
7.6735E-4
-4.5419E-4
5.3744E-4
-3.1571E-4
3.8020E-4
8.7123E-4
-5.1617E-4
1.5181E-4
1.0315E-3
1.6113E-4
9.1114E-4
1.7842E-4
-5.8065E-6
-7.5783E-4
-4.1729E-4
-1.2732E-4
1.4996E-4
-2.9040E-4
6.0257E-4
1.8634E-5
5.6123E-4
7.6109E-4
-1.6612E-4
7.4317E-5
3.2993E-4
-5.3471E-5
8.9806E-4
-7.8317E-5
8.0909E-5
-6.4038E-4
-1.4540E-4
-2.8531E-4
3.7597E-4
4.1006E-4
1.5219E-3
1.9909E-4
-1.7027E-4
-1.4298E-4
6.7779E-4
3.9281E-4
-1.5138E-4
-2.3071E-4
-3.5578E-4
-3.1496E-4
1.3697E-5
5.0055E-4
-1.4150E-4
-1.0779E-4
1.6559E-4
3.7162E-4
5.9384E-5
9.2892E-4
1.0422E-3
7.5550E-4
1.7044E-4
1.4289E-4
-1.8938E-5
-2.0484E-4
-6.5989E-4
4.7570E-4
2.2296E-4
-1.8387E-5
-1.4772E-4
5.0320E-4
2.6216E-4
-3.0325E-6
8.6807E-4
2.0808E-4
8.7785E-4
-3.5517E-6
1.1846E-3
2.1652E-4
2.4005E-4
3.0337E-4
5.3301E-4
7.0505E-4
-4.4871E-4
3.4508E-4
8.7699E-4
3.3685E-4
9.0287E-4
5.8759E-4
8.9583E-4
-1.8653E-4
9.5963E-4
-1.9871E-4
6.2936E-4
7.9414E-4
-2.7358E-4
-2.0615E-4
1.8369E-4
-8.2752E-5
-1.5958E-4
-3.4628E-4
-3.1457E-5
-1.4098E-4
4.2970E-4
-1.0711E-4
1.3219E-5
-1.9590E-4
1.1738E-4
-2.1179E-4
-7.9212E-5
-2.2393E-4
1.0605E-4
2.9165E-4
7.0218E-4
-8.7003E-5
-5.6495E-4
-6.5231E-4
1.4597E-4
4.2841E-4
2.8657E-4
1.4524E-4
-2.7611E-4
-1.5449E-4
9.6982E-4
8.5372E-4
1.8778E-4
8.1185E-4
4.1020E-4
5.5684E-4
-5.5073E-4
2.1466E-4
3.0765E-4
-2.6795E-4
8.3942E-5
2.3606E-4
-3.2072E-5
6.5920E-4
8.6101E-5
7.4828E-4
5.4929E-4
9.4848E-5
2.4786E-4
-8.8609E-5
-5.0508E-5
-3.0312E-4
9.2871E-4
5.9562E-4
5.0985E-4
-5.1389E-4
-3.1770E-5
-1.3567E-4
5.5439E-4
-6.9095E-5
1.4107E-4
-3.3988E-4
9.0336E-4
-4.3545E-4
8.3859E-4
9.2694E-6
9.3895E-5
9.3678E-5
-3.2223E-4
-3.9195E-5
3.8883E-4
-7.7602E-5
-7.4003E-5
-4.1642E-4
2.6991E-4
2.3381E-4
-9.3816E-5
-2.2828E-4
7.5987E-4
6.6683E-4
1.3694E-4
-5.0208E-4
4.3943E-4
-3.4220E-4
5.0446E-4
6.2683E-4
4.7452E-4
-2.1799E-4
1.4190E-4
-3.9006E-4
1.5878E-4
7.2362E-5
-1.0569E-4
4.1494E-4
-2.0367E-4
2.3751E-4
-1.0630E-4
1.0178E-3
6.9560E-5
4.4566E-4
2.5240E-4
3.5338E-4
3.4882E-4
4.0192E-5
2.0266E-4
2.3578E-4
-6.9994E-4
-1.8769E-4
5.4499E-4
-3.6096E-4
-1.4232E-4
-2.3874E-4
-4.2211E-5
-3.0802E-4
-1.0284E-4
2.8385E-5
1.2542E-4
6.9994E-4
3.4164E-6
7.3484E-4
-2.4459E-4
-2.4825E-4
5.3567E-4
1.5237E-4
4.2989E-4
8.6900E-4
-2.3783E-4
6.7144E-4
1.4997E-4
1.3540E-3
3.8110E-4
-6.9876E-5
-4.4657E-4
-3.4710E-4
2.0498E-4
8.1446E-4
1.1818E-4
5.0623E-4
3.9844E-4
4.4947E-4
1.4631E-4
2.4768E-5
-3.2425E-4
1.2452E-3
-5.3550E-4
-9.5926E-5
-5.9081E-4
-4.7564E-5
5.0462E-4
3.5374E-4
1.1649E-3
6.6238E-4
7.7059E-4
-3.8507E-5
4.3193E-4
3.8782E-4
1.3792E-4
1.1335E-3
-4.8746E-4
1.8307E-4
-1.5581E-5
5.4722E-4
5.2431E-4
1.2218E-4
1.6929E-4
8.0013E-4
3.5499E-4
-3.7712E-4
6.3879E-4
1.2084E-4
-4.1439E-4
-4.1050E-5
-2.8195E-5
5.3858E-4
-5.3352E-4
1.3357E-4
-2.9985E-4
1.8009E-4
-2.4796E-4
5.2491E-4
-7.8913E-5
4.8693E-4
4.7560E-5
6.0485E-4
-2.9135E-4
1.0140E-4
-1.0623E-4
-3.0869E-4
-3.8383E-4
3.7168E-4
4.1410E-4
-3.8154E-5
4.7652E-4
-2.4706E-5
-1.2189E-4
1.3330E-4
5.5768E-4
2.5891E-4
2.4544E-4
1.5774E-4
2.3606E-4
-1.3282E-5
-1.3116E-4
4.1165E-4
-1.1672E-5
4.5131E-4
6.0069E-4
4.1184E-6
-1.4004E-5
-3.9224E-4
1.4977E-3
2.1950E-4
-1.5640E-4
3.1729E-4
-5.7273E-5
4.5587E-4
1.9788E-4
-3.9386E-5
-4.6866E-4
6.0827E-5
-2.0090E-4
5.2576E-4
2.5966E-4
8.4280E-4
6.1062E-4
5.7234E-4
-2.4721E-4
2.8322E-4
1.5262E-4
-4.4229E-5
2.1571E-4
3.3220E-4
-1.2145E-4
1.1306E-5
3.2332E-4
5.4130E-4
-2.5730E-4
3.7196E-4
5.4531E-4
5.3217E-4
8.8792E-4
7.4884E-4
3.8091E-4
6.3794E-5
-2.9411E-4
2.8645E-4
3.8547E-4
4.4676E-4
-5.4556E-4
1.0616E-3
6.1461E-4
6.8510E-4
6.4822E-4
3.6545E-4
2.4497E-4
5.6476E-4
-5.5563E-5
4.4857E-4
9.2050E-4
2.7688E-4
3.6748E-5
4.7144E-4
1.0198E-4
4.7594E-4
-3.6936E-6
6.0599E-5
-3.1322E-5
-5.2258E-5
9.9235E-5
-4.2572E-4
5.2461E-4
4.0770E-4
-4.3681E-5
4.9165E-4
-6.6499E-4
3.0319E-4
9.8057E-5
1.6371E-4
-2.4617E-4
5.2582E-4
3.4417E-4
-1.1383E-4
2.7216E-4
1.4018E-4
3.5585E-4
3.7909E-5
4.0539E-4
-2.6725E-4
8.0350E-5
-7.3044E-5
-1.0440E-3
1.1194E-5
5.4438E-4
-1.4908E-4
7.6624E-4
2.3736E-4
-2.4890E-4
1.2657E-4
2.4433E-4
1.0338E-3
1.5276E-4
4.2721E-4
2.2158E-4
-5.2237E-4
6.9931E-5
-1.6405E-4
1.1139E-4
1.1726E-4
-4.4732E-5
2.4055E-4
1.0921E-4
-4.0572E-5
3.3623E-4
-4.5829E-4
2.1820E-4
-2.5683E-4
8.6695E-5
6.8509E-5
9.3956E-4
2.2805E-6
2.0007E-4
-1.9987E-4
3.8177E-4
-1.5864E-4
3.7490E-4
3.7626E-4
1.2195E-4
-3.4019E-5
2.1977E-4
-3.1501E-4
4.6540E-4
5.7247E-4
2.4323E-4
1.8383E-4
5.9093E-4
3.5033E-4
2.5090E-4
-2.5765E-4
8.0599E-4
3.6791E-4
-2.9143E-4
2.4464E-4
4.0385E-4
3.1484E-4
1.5915E-4
4.2801E-4
-2.9074E-4
2.2338E-4
3.4208E-4
6.5507E-4
2.9762E-4
1.7432E-4
2.2848E-4
2.8052E-4
-5.3132E-4
6.1100E-4
3.4643E-4
-2.5891E-5
3.9800E-4
-4.2024E-4
1.8561E-4
-3.3857E-4
-1.1835E-4
-4.1667E-4
6.4297E-4
-3.4518E-4
4.2926E-4
1.7057E-4
-9.9758E-5
-1.2962E-4
8.7923E-5
5.9307E-4
5.0977E-5
5.6853E-4
2.0253E-4
-7.2726E-5
1.9826E-5
-1.1970E-4
4.7016E-4
-9.2600E-5
-2.4171E-4
3.0085E-5
-9.4216E-5
2.1187E-4
3.7182E-4
1.5953E-3
4.5310E-4
7.8710E-4
2.0892E-4
3.4460E-4
1.1051E-4
5.7821E-4
1.0733E-4
8.1349E-4
2.3812E-4
4.0548E-4
2.5646E-4
-4.4296E-4
5.4759E-4
-4.2100E-4
-1.1970E-4
-8.1118E-5
3.4423E-4
5.3796E-4
-1.6969E-4
6.6815E-4
1.4040E-4
-1.5757E-4
-1.2496E-4
8.6322E-6
3.6012E-4
1.2459E-4
3.7644E-4
6.0853E-5
-1.6543E-5
1.7452E-4
1.2522E-4
8.8256E-5
1.4242E-4
4.1304E-4
5.3934E-4
-5.3729E-4
4.4722E-4
5.8140E-4
3.5362E-4
1.4207E-4
3.2064E-4
1.5452E-4
-4.2824E-4
8.3103E-5
8.0202E-5
1.8787E-4
6.3560E-4
6.0410E-4
1.3135E-3
6.3205E-4
5.3895E-5
-3.2921E-4
3.1265E-4
1.0366E-3
2.3363E-4
-9.9616E-5
5.8558E-4
1.2367E-3
8.9764E-4
1.5987E-4
7.5326E-7
-1.0966E-4
-6.5171E-6
8.8399E-4
7.2444E-4
1.2392E-3
3.2572E-4
-9.2661E-6
7.9704E-4
-1.3727E-6
-2.0747E-4
2.2635E-4
-8.8080E-5
1.8779E-4
-5.3495E-4
9.9124E-4
5.3722E-4
2.5070E-4
-2.9141E-4
7.3527E-4
6.0848E-4
-2.7027E-4
2.2894E-4
3.9107E-4
9.4243E-4
1.1352E-4
-3.2769E-4
4.5954E-5
-2.2878E-4
5.3686E-4
2.4020E-5
-1.5879E-5
-2.0384E-4
-4.6394E-5
4.0022E-4
-3.1433E-4
6.9126E-4
-6.9545E-4
-4.1087E-4
4.4232E-5
-3.0843E-5
1.3679E-4
6.3546E-4
-4.5815E-4
6.5557E-6
-4.1449E-5
6.3667E-4
-1.2935E-4
3.4771E-4
9.9739E-4
-8.3195E-5
2.0613E-6
1.8925E-4
1.2220E-4
1.0563E-3
1.3766E-4
5.7493E-4
3.3961E-4
-2.8151E-4
2.0839E-4
5.0495E-4
-2.3192E-4
-3.6358E-4
-3.2900E-4
4.2514E-4
-1.5218E-4
-2.4903E-5
7.0948E-5
1.8760E-4
8.7903E-5
-3.9568E-4
-7.6106E-6
2.7677E-4
-8.4957E-5
2.6668E-5
-2.2202E-4
1.1509E-4
1.2669E-4
3.7144E-4
6.5101E-4
2.9143E-4
2.6955E-4
2.0129E-4
1.0933E-3
2.9463E-4
9.1103E-5
-1.3805E-4
-3.3164E-4
1.2670E-4
-6.5865E-4
1.6499E-4
-4.2419E-4
5.6777E-5
2.1011E-5
2.1325E-4
8.6795E-5
-2.5107E-4
2.4087E-4
5.3352E-4
2.8644E-5
2.2961E-4
2.6162E-4
4.6717E-4
-1.9155E-4
2.9783E-4
2.9217E-4
-4.9748E-5
-8.3026E-5
2.2605E-4
5.8281E-4
-2.2504E-4
-3.6604E-4
-5.9926E-5
6.2663E-5
6.4592E-4
6.1467E-4
-1.4805E-5
4.0409E-6
3.8594E-4
-6.4725E-4
-1.4594E-4
3.0104E-4
6.8016E-4
-3.2296E-4
1.0396E-4
-3.9964E-5
9.2448E-4
3.3037E-4
8.3800E-5
-5.6914E-4
1.9228E-4
-9.4204E-5
9.2249E-5
2.0806E-5
-1.0960E-4
-3.5921E-5
8.9695E-4
4.2470E-4
-1.5935E-4
1.4280E-4
4.4822E-5
7.0244E-4
2.1926E-4
3.9788E-4
6.9162E-4
7.7316E-4
8.3350E-4
1.0126E-3
7.4654E-4
2.3482E-4
1.5888E-4
-3.2397E-4
2.6811E-4
-2.7806E-5
-7.0235E-4
-2.8252E-5
-2.4321E-4
-4.4790E-4
2.1045E-4
8.0857E-6
7.1913E-4
-2.0038E-4
-4.6402E-4
-1.0952E-5
-8.2641E-5
-2.6479E-6
1.9635E-4
2.4579E-5
2.4492E-4
1.5535E-4
-2.5127E-4
-1.1854E-4
-5.3479E-5
5.5561E-4
3.0420E-4
-1.0232E-4
1.6763E-4
-4.1168E-4
7.4547E-4
-6.2594E-5
3.4191E-4
7.6567E-4
3.5222E-4
4.4150E-4
7.6606E-4
-3.4970E-4
-2.4897E-4
-1.7954E-4
9.8833E-5
2.9431E-5
2.4279E-4
5.6884E-4
3.5758E-4
-3.1594E-4
-1.0601E-4
-8.6124E-6
-1.8671E-4
3.0521E-4
2.7407E-4
-1.6664E-4
6.7420E-4
-2.0631E-5
8.4338E-5
-1.2911E-4
2.1568E-4
1.8412E-4
-3.4663E-4
4.1059E-4
5.0208E-4
-3.3678E-4
5.5444E-4
1.0193E-3
-8.2848E-5
-6.4027E-5
-2.7623E-4
-9.9150E-4
-1.4083E-4
-5.2061E-4
3.2805E-5
-8.2189E-5
-2.2111E-4
-8.3502E-5
-9.9844E-5
2.3951E-4
-1.8717E-4
9.5308E-4
3.3862E-4
6.6642E-4
4.3162E-4
6.9641E-4
7.2372E-4
3.6875E-5
3.3263E-4
1.2799E-3
1.4790E-3
2.5510E-3
1.5026E-4
1.0977E-3
4.9897E-5
3.9319E-4
8.5596E-4
-1.3451E-4
8.6269E-4
3.2583E-4
2.5615E-3
2.7749E-3
-4.4650E-4
2.2358E-3
-4.1930E-4
2.9653E-3
9.8388E-4
6.8472E-4
2.6373E-3
2.9217E-3
1.2654E-3
1.2796E-3
1.2041E-3
3.7749E-5
1.9477E-3
5.0043E-4
-3.0935E-4
4.5356E-3
1.4919E-3
-5.9769E-4
1.5013E-3
4.5299E-3
3.5574E-3
1.3234E-3
-8.8910E-4
3.6213E-3
3.7741E-3
-1.4894E-4
1.0364E-3
8.1347E-5
4.0859E-3
2.7125E-3
3.9761E-3
1.1726E-3
-9.2794E-4
-1.3190E-3
-1.0785E-3
1.8984E-3
1.4965E-3
4.0435E-4
1.3068E-3
5.2553E-4
2.8588E-4
8.5012E-4
1.8380E-4
-1.8497E-4
4.4890E-6
3.0566E-4
-7.0864E-5
-3.4072E-4
1.3691E-3
-3.1544E-4
-1.9502E-4
-6.5104E-4
1.3039E-4
-6.2865E-6
2.2318E-4
-2.5295E-5
-5.7119E-5
-6.9292E-4
-2.4088E-4
-7.6963E-4
8.3026E-4
5.2000E-4
-4.3966E-4
-1.1410E-4
7.5668E-4
-1.8551E-4
2.5568E-5
-8.7507E-4
1.1222E-4
1.0500E-3
3.2185E-4
-3.2851E-4
4.3435E-4
2.5983E-4
-2.6648E-4
-1.7094E-4
6.1689E-5
1.2694E-3
-3.8627E-4
-6.8078E-4
2.0914E-4
-7.2997E-5
5.7286E-4
-1.2287E-4
1.4509E-4
5.8346E-4
2.3544E-4
1.3976E-4
1.0978E-4
1.0274E-3
1.0251E-3
-6.3153E-4
4.4069E-5
1.5507E-4
-2.0106E-5
3.6087E-4
5.5818E-5
6.9482E-4
-3.2373E-4
8.7830E-4
-2.1884E-5
1.7270E-4
3.5746E-4
-7.2548E-5
-4.1588E-4
-1.3329E-4
4.4125E-4
4.2972E-4
-1.3721E-4
3.5702E-4
8.4243E-4
7.7442E-4
6.4025E-4
4.5334E-4
4.9821E-4
1.0410E-4
6.2913E-4
2.8859E-4
1.7577E-4
-4.7841E-5
1.1927E-3
6.9163E-4
2.9616E-4
6.2822E-4
-6.0112E-4
7.7455E-4
1.5804E-4
-2.5141E-4
5.2640E-4
4.0837E-4
9.4910E-4
-6.3456E-5
1.3662E-4
6.7740E-4
8.7539E-4
-3.3803E-4
-4.7710E-5
1.3753E-4
-4.4634E-4
4.3826E-4
1.8946E-4
-3.2013E-4
-7.6642E-5
-3.1957E-5
-1.2858E-4
1.6956E-4
5.2178E-4
-1.6249E-4
2.2848E-4
-3.4156E-5
1.7535E-4
2.5304E-4
2.6606E-4
1.9482E-4
1.4301E-4
-6.1789E-4
3.6519E-4
3.3771E-4
3.2522E-4
4.1113E-4
1.5732E-4
2.4907E-4
2.4280E-4
-5.6472E-4
-3.4208E-4
-3.3716E-4
4.7371E-4
4.3987E-4
2.9800E-4
1.8464E-4
2.7184E-4
1.7548E-4
5.7766E-4
4.3695E-4
-1.8220E-4
-4.0720E-5
2.7250E-4
-3.7331E-5
5.1543E-4
4.4940E-4
1.0699E-4
2.1482E-4
-5.0496E-4
-4.6825E-4
6.0415E-4
5.2669E-5
-4.9867E-6
-2.1601E-4
3.5158E-4
-2.6916E-4
-1.4214E-4
-4.3980E-5
-2.2535E-4
-1.0707E-4
4.1649E-4
9.2946E-4
4.1324E-4
4.6751E-4
1.4671E-4
-1.0583E-4
-2.5873E-4
-1.8831E-4
1.7878E-4
-9.8332E-6
-3.3351E-4
-2.4702E-4
6.9452E-4
-4.1170E-4
-1.1267E-4
-3.6934E-4
-3.2963E-5
1.0174E-3
1.7293E-4
-1.4826E-5
-5.2569E-4
-1.3970E-4
5.2733E-4
1.6946E-4
1.0010E-4
1.0048E-4
-2.4961E-4
5.0672E-4
-2.6758E-4
2.4716E-4
6.7332E-4
4.9575E-4
1.1134E-4
5.9661E-4
1.0310E-4
7.1729E-4
-3.7962E-4
-1.0038E-4
-1.3860E-4
3.0688E-4
3.8146E-4
-6.6331E-4
-4.1742E-4
4.3806E-4
6.5530E-4
-2.2589E-4
8.9733E-5
-2.9005E-4
-5.0210E-4
-1.5620E-4
5.7177E-5
1.2648E-4
4.2003E-4
2.0542E-4
9.6275E-5
7.0698E-5
4.0712E-4
1.5728E-4
-1.8196E-4
2.4464E-4
1.7929E-4
4.0466E-4
-1.3174E-4
2.8980E-4
2.4899E-5
1.3057E-4
5.6487E-4
-4.1483E-4
-3.8442E-4
2.1241E-4
-1.5696E-4
7.5215E-4
-2.5010E-5
-1.5329E-4
-3.9313E-4
3.5573E-4
-2.9458E-4
6.3502E-4
2.9017E-4
2.5341E-4
3.1155E-4
-3.3169E-6
-3.5672E-4
4.0972E-5
-5.3955E-4
-7.6078E-5
5.1307E-5
1.8708E-4
-5.1577E-5
-9.1886E-5
7.0845E-4
-7.4541E-4
1.6449E-4
2.2778E-4
3.9417E-4
1.1354E-4
-4.9439E-6
8.1535E-5
-2.1007E-4
-4.0893E-4
1.5976E-4
1.3213E-4
1.2188E-3
4.5089E-4
8.5767E-4
-1.8065E-4
6.4249E-4
-1.8363E-4
-1.6117E-4
-2.9859E-5
-1.0114E-4
-7.6043E-5
1.6254E-4
-1.4659E-4
8.3188E-5
-3.7596E-4
1.1979E-3
7.7531E-4
-1.2999E-4
3.5876E-4
-8.6681E-5
5.5448E-4
3.5940E-4
2.5434E-4
2.7154E-5
3.7825E-4
-1.3237E-4
2.5587E-4
-4.2357E-4
-3.2861E-4
1.8416E-4
8.8758E-4
4.7696E-4
1.0629E-4
-2.2346E-4
6.3799E-4
1.2517E-4
-9.9577E-5
-4.3050E-5
2.1721E-4
7.6030E-4
-2.2379E-5
-1.4588E-4
3.5459E-4
2.4248E-4
2.3250E-3
2.0132E-4
-5.6564E-5
2.4745E-4
7.3610E-4
1.0639E-3
1.7936E-4
-5.9232E-4
2.6053E-4
4.3393E-4
2.7996E-4
-1.0615E-4
3.4790E-4
-2.1789E-4
9.3778E-4
7.2099E-4
-2.8551E-4
-3.4374E-4
-4.5343E-5
6.5868E-4
-4.7413E-4
5.7767E-4
2.6699E-4
-5.7398E-7
-4.4482E-4
-3.9069E-4
8.3417E-5
4.7257E-4
-1.7865E-4
5.1304E-4
-2.0762E-4
5.7827E-4
-4.3022E-4
-2.6114E-4
5.0175E-4
4.6469E-4
5.0921E-4
2.6451E-5
6.0232E-4
-1.1052E-5
1.1490E-4
2.6670E-4
1.0108E-3
-1.9958E-4
3.5380E-4
3.9613E-4
-5.1237E-4
7.9538E-4
1.2692E-4
-5.6170E-5
-8.9178E-5
3.0852E-4
6.4524E-4
2.5095E-4
-1.6338E-5
-1.5829E-6
-9.3017E-5
2.8502E-4
-3.4269E-4
2.7918E-4
5.9646E-4
-4.8466E-5
2.9911E-5
-1.6482E-4
5.4381E-4
3.5779E-4
-9.1684E-5
7.0591E-4
-5.2705E-7
1.6811E-4
4.2326E-4
-5.3575E-4
2.8731E-4
3.7018E-4
-2.8914E-4
2.0578E-4
4.0995E-4
-1.7554E-4
8.1058E-6
1.2158E-4
1.2541E-3
-1.5553E-4
3.5252E-4
3.4286E-4
-4.7258E-5
5.1054E-4
2.6597E-4
7.9540E-4
-3.9743E-4
3.1881E-4
1.0716E-4
1.1721E-3
8.1619E-4
3.6934E-4
1.0244E-4
1.6035E-3
-5.5584E-4
2.7401E-4
1.3486E-3
3.1195E-4
-6.5353E-4
2.8241E-4
6.5972E-6
3.5391E-4
3.7627E-4
-1.3870E-4
4.9670E-5
3.6144E-4
2.3428E-4
5.8499E-4
3.5392E-4
-3.6207E-5
4.6567E-4
-2.1340E-4
5.7856E-4
1.0182E-3
2.3515E-5
-3.3469E-4
-2.8197E-4
3.6655E-4
6.9507E-4
4.9104E-4
-2.0816E-5
1.2328E-4
4.7676E-4
8.5932E-4
-4.4840E-4
8.1070E-4
-2.4148E-4
1.3730E-4
-4.5184E-4
-6.7374E-6
4.8149E-4
-2.4823E-4
1.3655E-4
-4.2349E-5
-8.9226E-5
2.5308E-4
-3.2712E-4
-7.0706E-4
4.4405E-5
2.2252E-4
7.9814E-4
3.4257E-4
5.7709E-4
-3.3802E-4
3.4493E-5
1.8585E-4
4.6453E-4
-6.1071E-6
5.4676E-4
8.9875E-5
-1.4207E-4
-2.0189E-4
9.2117E-4
4.7518E-4
3.0082E-4
-8.2241E-5
-3.8446E-4
5.3091E-4
6.5830E-4
-1.4221E-4
2.9339E-4
1.4253E-5
1.4808E-4
-3.8189E-4
-1.1551E-4
3.6575E-4
1.9754E-4
7.0189E-4
-6.4950E-4
3.8645E-4
-6.6840E-4
1.7151E-5
8.9803E-5
4.8721E-5
1.6362E-4
-1.0339E-4
-4.6808E-4
5.1697E-4
7.6945E-4
6.5569E-4
-4.5443E-4
-3.8141E-5
3.4350E-4
3.6605E-4
-1.5988E-4
1.3901E-3
2.7301E-4
3.0912E-4
-1.7312E-4
-3.0990E-3
9.8370E-4
-1.3859E-4
-1.7674E-4
4.6937E-4
7.4672E-4
-1.5440E-6
6.8213E-4
1.0222E-4
3.6145E-4
-2.8774E-4
-3.7135E-5
2.4472E-5
1.3683E-4
-1.6697E-4
-3.0975E-4
-4.2823E-4
-1.6160E-6
1.8175E-5
2.8118E-5
5.0555E-4
5.3154E-5
-1.1191E-5
4.1884E-4
-3.3744E-4
2.9513E-4
-3.8646E-4
5.9481E-5
-5.3059E-4
-5.4577E-4
5.3921E-4
-4.4730E-4
-2.4708E-4
2.8000E-4
4.5339E-4
-3.7156E-5
-5.4854E-4
-3.3418E-4
1.3152E-4
-2.3889E-4
-1.7545E-4
2.1252E-4
8.2802E-5
9.6601E-5
7.9629E-4
3.6795E-4
1.1118E-4
7.7362E-4
4.4980E-5
1.1578E-5
-3.6009E-4
2.9464E-4
-1.9674E-4
-9.8431E-5
5.6984E-4
-3.0924E-4
-5.0744E-5
4.8577E-4
-6.9655E-5
1.0178E-4
9.3304E-4
9.1992E-4
6.0282E-4
8.6243E-4
-9.4821E-6
-6.1545E-4
-2.4032E-4
-7.1623E-4
7.0928E-5
9.7668E-5
1.4282E-5
-2.5734E-4
4.8740E-4
5.0504E-4
-1.1554E-4
-9.7802E-5
2.0838E-4
4.8875E-5
6.4465E-4
-2.2898E-4
-1.0846E-4
1.0070E-4
3.0708E-4
9.1222E-5
-1.2141E-4
9.1582E-4
2.6783E-4
2.9953E-4
1.9013E-5
-3.7456E-4
5.1458E-4
5.6318E-5
8.7213E-5
-2.0327E-5
-1.9354E-4
3.9737E-4
-2.1546E-4
-1.0499E-4
-1.8165E-4
1.0699E-4
-3.2116E-4
-2.4750E-4
-8.7560E-5
-4.7078E-4
-2.6380E-4
1.2138E-4
7.8241E-5
5.3117E-5
6.9466E-5
5.1662E-4
1.1996E-3
-7.1893E-5
-6.9844E-5
1.0978E-4
6.1235E-4
7.2860E-5
-3.4273E-4
1.1606E-7
1.5338E-4
1.6581E-4
6.0949E-4
1.5192E-4
-4.3028E-4
-1.0811E-4
1.1101E-3
7.5955E-5
1.1307E-4
1.9333E-4
7.8240E-4
7.1286E-4
6.2594E-4
-8.2886E-6
3.3434E-4
-2.8238E-4
7.8602E-4
3.6462E-4
1.1264E-3
5.7180E-5
4.5663E-4
6.7612E-4
-2.2154E-4
-2.1437E-4
-9.1019E-4
1.1471E-4
2.5973E-4
-2.3648E-4
7.0710E-4
-5.5578E-4
3.4804E-5
3.1327E-4
5.2230E-5
1.3487E-4
-1.5294E-4
2.0791E-4
9.3370E-4
7.1094E-4
3.6977E-4
9.1679E-6
1.7714E-4
4.9617E-4
2.2639E-4
8.5934E-4
3.0379E-4
-1.6237E-4
-2.8167E-4
2.0574E-4
2.4764E-4
-2.8840E-4
-2.8599E-4
-6.3552E-4
1.6145E-5
-2.4811E-4
5.3235E-4
-2.0303E-4
-3.1918E-4
1.7730E-4
5.2351E-4
1.3078E-4
-2.4918E-4
-4.7416E-4
5.0923E-4
3.1200E-4
-1.5628E-4
-1.7975E-4
1.7983E-4
6.5424E-4
7.3369E-4
8.3245E-4
-1.7848E-4
9.3684E-4
5.4855E-4
-1.4326E-4
2.1058E-4
9.8345E-5
2.1538E-4
-3.2260E-4
-2.4798E-4
5.8827E-4
1.1091E-4
1.0967E-3
1.2431E-5
6.7722E-4
3.4321E-4
-1.5863E-4
1.4619E-6
2.8897E-4
2.1385E-4
5.4413E-4
-1.1798E-4
6.6836E-4
4.5127E-5
2.1395E-4
2.4210E-5
2.0005E-3
7.9354E-4
1.2197E-4
1.8908E-5
1.0424E-4
-4.2001E-4
2.0129E-4
-6.7583E-5
-4.0138E-5
-8.9954E-5
-2.8205E-4
1.1491E-4
-1.9870E-4
-5.9936E-4
1.2850E-4
-1.1059E-4
6.1905E-4
1.0713E-4
6.0386E-4
9.4051E-4
2.4484E-4
3.4259E-4
1.1626E-4
5.0338E-4
-3.4224E-4
7.5129E-4
1.8827E-4
6.0277E-5
2.0371E-4
-7.3472E-4
-2.6295E-4
-9.2622E-5
5.4092E-4
6.0225E-4
4.8380E-4
4.2340E-4
4.4801E-4
2.6872E-4
8.4318E-4
-1.0157E-4
1.6271E-4
-2.7369E-5
1.3984E-4
4.7236E-4
3.4869E-4
-7.8502E-5
6.4265E-4
1.2915E-4
-1.5914E-4
-2.2791E-5
1.1605E-4
1.0012E-3
3.5518E-3
-1.3428E-4
1.3536E-4
1.0354E-3
-6.6923E-5
2.7417E-4
-2.2043E-4
-4.0554E-5
-9.5210E-4
-9.3779E-4
-4.4128E-4
9.8057E-4
2.3819E-4
1.6660E-4
3.3231E-4
-1.4103E-4
5.4896E-4
5.3814E-5
6.4651E-4
8.4955E-4
2.4161E-4
-2.6666E-4
2.8929E-4
2.3299E-4
3.4108E-4
5.8636E-4
-3.5306E-4
-2.6049E-4
-1.2088E-4
1.1349E-4
1.5997E-4
-3.7367E-5
6.8421E-4
5.7722E-4
-3.4309E-4
3.0866E-4
1.4639E-4
7.1010E-4
-4.4849E-4
5.6545E-4
1.2953E-3
-1.2336E-4
6.9273E-4
1.9049E-4
6.7354E-4
3.3985E-4
4.9545E-4
-2.0740E-4
-3.5386E-4
-3.6819E-4
3.4616E-5
-6.4797E-4
3.8542E-4
-2.4577E-4
-4.4463E-5
-1.4606E-4
-1.6682E-4
-5.2565E-5
8.2124E-4
8.5098E-4
1.0417E-4
-4.2813E-4
1.4614E-5
-2.3465E-4
-1.1831E-4
9.6912E-5
1.6688E-4
3.6021E-5
-1.9249E-4
-5.8832E-4
5.2470E-5
6.9333E-4
-4.7383E-4
-3.2314E-4
1.4482E-4
1.0948E-4
4.6528E-4
-1.8299E-4
1.9703E-4
3.7664E-4
5.3482E-4
9.4391E-5
2.5138E-5
2.3665E-4
2.1523E-4
-2.5819E-4
9.1028E-5
5.8578E-5
9.5766E-5
4.6673E-4
-2.1947E-4
-8.1585E-5
6.1838E-4
3.7316E-4
2.4825E-4
2.3906E-4
-2.5506E-5
1.1243E-3
2.2606E-4
7.0662E-4
5.9546E-5
-3.6567E-4
-2.6500E-4
-1.1898E-4
4.6927E-4
2.8694E-5
2.3656E-4
-4.0071E-5
3.2374E-4
-3.7602E-4
6.4853E-4
-4.7480E-4
-3.6524E-5
1.4345E-4
-1.6189E-4
9.0645E-4
7.1352E-5
4.1406E-4
-4.3909E-4
-1.6325E-4
-8.4061E-5
2.1857E-4
2.1231E-4
3.2639E-4
-4.8493E-4
9.1671E-4
-4.3462E-5
1.5256E-3
4.8406E-4
1.7827E-4
2.2911E-4
-5.3600E-4
1.0819E-5
-1.2063E-4
-3.8955E-5
8.2168E-5
2.0117E-4
2.3774E-4
2.8963E-5
-2.0381E-4
2.9704E-6
2.5535E-4
-1.2471E-5
4.3419E-5
-1.8515E-4
-1.5391E-4
2.0633E-4
2.1435E-4
-3.8009E-4
-9.3058E-6
-2.2750E-4
-6.1039E-5
5.9028E-4
-1.6177E-4
-2.6674E-4
1.0139E-4
1.5503E-4
5.3507E-5
6.7011E-4
5.0838E-4
-3.5924E-4
8.3892E-5
2.9953E-4
6.2036E-4
-1.7698E-5
1.6930E-4
1.9018E-4
2.7988E-5
-1.5660E-4
-6.3820E-5
-5.3475E-4
6.2382E-4
6.8154E-4
6.8296E-4
6.6961E-5
7.7193E-6
-1.3018E-4
7.0160E-4
4.7560E-4
2.9829E-4
4.0183E-4
1.4431E-4
2.4083E-4
3.0151E-5
-5.3807E-5
-1.2662E-4
1.0078E-3
9.0489E-5
1.4353E-4
4.0177E-4
-1.1164E-4
-1.6043E-4
-3.0753E-4
1.9426E-4
4.5325E-5
1.4972E-4
4.7729E-4
2.5405E-4
3.5728E-4
1.0013E-3
8.4221E-4
3.9245E-4
1.2194E-3
-6.9196E-5
4.0913E-4
3.3341E-4
-8.3552E-5
8.2666E-4
3.6621E-4
-1.0416E-6
3.1655E-5
-1.8226E-4
-4.6124E-5
2.7790E-4
2.6139E-4
-1.5924E-4
4.1933E-5
-4.7820E-5
5.1667E-4
4.8148E-4
-4.5533E-4
-3.1780E-4
-6.3397E-4
-1.9251E-4
-3.6568E-4
-1.3471E-4
2.1307E-4
-3.3037E-4
-3.3377E-4
3.6957E-4
-3.3891E-4
4.9835E-4
1.0121E-3
1.8047E-4
4.2151E-5
2.7711E-4
1.3799E-4
-1.9448E-4
2.2329E-4
6.4803E-4
-3.5260E-4
-5.4510E-5
6.5710E-5
7.8009E-5
5.2318E-4
-1.4011E-4
-4.8551E-4
-7.3046E-4
2.4744E-5
1.9996E-4
-3.0516E-5
-4.0657E-4
4.6340E-4
2.8151E-4
-1.9981E-4
-5.4376E-4
2.2804E-4
4.6800E-4
9.9603E-4
1.0131E-3
-4.7925E-4
1.8083E-4
4.0544E-4
-3.3001E-4
-6.3402E-5
3.3432E-4
4.2580E-4
4.3497E-4
-2.9568E-4
6.4440E-4
6.1138E-4
-2.2824E-4
1.0337E-4
7.8275E-4
-4.2364E-4
2.1173E-4
6.9364E-5
-4.9789E-4
-1.2514E-4
-4.6375E-4
-1.5672E-4
6.4522E-4
5.4679E-4
-9.4144E-6
-7.1536E-5
-1.3606E-4
2.3834E-4
8.5418E-7
6.0414E-4
4.6157E-4
8.5516E-4
-6.8539E-5
-1.2229E-4
-2.4868E-4
1.8206E-4
2.6148E-4
-1.9494E-4
-1.8179E-4
3.9574E-4
-4.0366E-4
5.8135E-4
-8.0247E-5
-5.9096E-4
1.5217E-4
5.9492E-4
-5.2952E-5
1.2791E-4
2.7100E-4
-3.8605E-4
4.9088E-4
3.6624E-4
-1.3090E-4
4.4157E-4
-2.0632E-4
1.4443E-4
9.2860E-6
5.1102E-4
-2.3439E-4
1.9978E-4
4.0615E-4
4.4516E-4
1.1238E-3
-8.1116E-5
3.1094E-4
2.3842E-4
8.4333E-4
-7.3127E-5
1.1489E-4
1.0904E-3
2.5464E-4
1.8672E-4
6.4721E-4
1.8012E-4
1.5437E-4
3.1387E-4
5.6246E-4
3.1449E-4
1.3490E-4
-1.1541E-5
-6.4908E-5
-2.0606E-5
6.2662E-4
-2.1839E-4
5.7606E-4
-6.2737E-5
-2.6018E-4
6.7698E-4
5.0434E-4
4.7556E-4
1.9243E-5
5.1541E-4
-4.8148E-4
2.9942E-4
4.7970E-4
-1.3775E-4
4.7196E-5
3.4601E-4
3.6120E-4
8.7363E-5
6.3960E-4
-3.4537E-4
-7.6715E-5
-1.2546E-4
1.4218E-4
-1.1884E-4
1.0419E-3
-2.1759E-5
8.5636E-5
1.1879E-3
-1.8009E-4
-1.4491E-4
7.5154E-5
-1.5335E-4
4.6499E-4
4.0627E-4
1.6266E-4
-9.0934E-5
-1.0570E-4
5.8076E-4
4.0814E-4
-2.6027E-5
7.1851E-4
-1.5286E-4
1.5979E-4
1.2414E-4
-2.5947E-4
-3.7224E-4
7.8296E-4
1.1354E-3
5.3032E-4
5.3095E-4
4.1662E-4
5.4293E-4
-1.2854E-5
3.0438E-4
-3.0128E-4
2.4946E-4
3.4632E-4
-4.5619E-5
5.1334E-4
1.7028E-4
1.4056E-4
2.3143E-4
2.8732E-4
9.1370E-4
-1.8263E-4
-1.1463E-5
4.3495E-4
-1.0107E-4
-4.4817E-4
-3.0450E-5
-5.3392E-4
1.5650E-4
1.9079E-5
-3.2385E-4
4.8028E-4
3.7462E-4
2.9943E-4
-1.0942E-4
3.7390E-4
5.3827E-4
3.0371E-4
-2.5799E-5
-4.1822E-4
-3.8264E-5
1.1516E-4
2.0249E-4
-2.8716E-4
-2.6590E-4
-7.3717E-4
1.9129E-5
-6.5628E-5
-1.8222E-4
-1.8834E-4
9.0609E-5
8.9070E-5
3.2292E-4
4.7022E-4
1.1958E-3
6.1562E-4
8.4451E-4
8.7191E-5
2.8255E-4
1.8904E-4
7.4587E-5
4.2507E-5
-5.7256E-5
2.9595E-4
2.0688E-4
2.3596E-4
-2.2115E-4
-7.0095E-5
8.9840E-4
-4.5395E-4
-2.9867E-4
2.0914E-4
9.1993E-4
4.7149E-4
-3.3094E-4
4.9336E-4
4.3944E-5
-4.6512E-4
-5.8166E-4
4.8129E-5
6.5369E-4
-1.5233E-5
8.6177E-5
7.5409E-4
6.3556E-4
2.8288E-4
-1.7978E-5
3.7389E-4
4.7919E-4
7.8234E-5
1.2691E-4
2.3181E-4
2.9625E-4
-7.7257E-5
-2.0080E-4
-3.0268E-4
5.9650E-5
4.3214E-4
-3.3845E-4
-6.2470E-4
4.6218E-4
6.2917E-5
6.9790E-4
-1.5177E-5
-7.1108E-5
-5.0147E-4
-2.3969E-5
9.1689E-4
9.9396E-5
-6.3752E-4
-4.6166E-4
7.9958E-4
1.5317E-5
-3.5291E-4
-6.1310E-5
4.0304E-4
5.8395E-4
-3.6248E-4
3.7585E-4
-1.4513E-4
-1.8210E-4
-2.3651E-4
4.1721E-5
-3.3540E-5
3.7081E-4
2.2796E-4
-1.7757E-4
4.4074E-4
-4.5808E-4
1.4491E-4
-7.4568E-5
-1.9888E-4
-8.0027E-5
-9.0607E-5
-8.9745E-5
8.6300E-5
-1.0768E-4
1.6953E-5
3.5969E-4
6.5276E-4
7.0328E-4
-1.8932E-5
6.5172E-6
-2.3190E-4
-1.7889E-4
3.3226E-4
1.0763E-3
-1.0565E-4
2.8030E-4
-1.4393E-4
3.1942E-4
5.3094E-5
1.7257E-5
3.7535E-5
2.0677E-4
2.5732E-4
6.2994E-4
-2.0495E-4
3.9107E-4
4.2015E-5
7.7246E-4
3.2223E-4
5.9638E-4
-1.9570E-4
1.1899E-4
2.7129E-4
1.5231E-4
4.6613E-4
-2.0783E-4
1.2837E-3
5.9034E-4
2.3255E-5
1.1511E-4
-1.0218E-4
3.1999E-4
-1.5974E-4
5.4726E-4
-2.5223E-5
8.5876E-4
7.5348E-4
5.5752E-5
-1.0003E-4
-3.9543E-5
-3.0922E-5
1.3202E-4
2.0912E-4
9.1257E-4
-1.7279E-4
-6.3273E-4
1.2234E-4
4.2217E-4
6.0048E-4
8.5641E-4
4.7994E-5
1.3642E-4
-1.7782E-4
-1.0300E-4
-6.5413E-5
8.2299E-4
4.9129E-4
3.6873E-4
-1.0481E-4
-2.1828E-5
-7.4174E-5
8.3102E-4
-1.1836E-4
1.8046E-4
-3.8621E-4
-1.3991E-4
9.2781E-4
6.7914E-4
7.5184E-5
1.3751E-4
3.0803E-4
9.3223E-4
3.7374E-5
3.1724E-4
2.2496E-4
3.5020E-4
1.2080E-4
4.3300E-4
1.1629E-3
-1.7387E-4
7.5062E-4
4.9804E-4
3.2464E-4
8.0714E-4
3.9362E-5
1.2273E-4
4.1598E-4
1.0832E-3
6.3212E-5
5.5157E-4
5.8790E-4
3.1960E-4
6.8333E-4
-5.8877E-5
-2.3358E-4
1.1134E-3
5.4596E-4
-8.4860E-5
-4.4826E-4
7.0791E-4
3.1495E-4
-1.0755E-4
-4.5766E-5
8.3066E-4
2.8097E-4
2.2828E-4
1.3204E-5
-1.2040E-4
-6.1781E-4
2.3018E-5
2.4004E-5
-9.8984E-4
5.6698E-4
-3.9523E-4
1.6475E-4
-1.3060E-4
-8.1381E-4
-2.5008E-5
-1.3195E-4
-5.2928E-5
-2.3115E-4
4.2578E-4
6.5937E-4
4.8289E-4
-3.7448E-4
4.2489E-4
5.3017E-4
-6.8036E-5
-4.0750E-4
-1.8281E-4
7.8106E-5
6.7665E-4
2.0943E-4
2.7424E-4
2.1863E-4
-7.6057E-5
5.3879E-4
1.1537E-4
1.2464E-4
3.1117E-4
1.8497E-4
4.5987E-4
2.5317E-4
2.8750E-4
8.0400E-4
-7.7324E-5
-2.6382E-4
-3.5165E-5
-7.2831E-5
1.8338E-4
4.5517E-4
4.0088E-4
5.1858E-4
6.9729E-4
6.9033E-4
3.4434E-4
3.4230E-4
5.3155E-4
3.6736E-5
5.7112E-4
-2.3403E-4
-1.7305E-4
3.7928E-5
1.2447E-4
2.5424E-4
-2.8911E-5
1.1767E-4
1.9145E-4
7.6960E-4
8.8936E-6
4.7677E-4
2.4383E-4
5.2972E-4
-1.5045E-4
2.3632E-4
-1.7541E-4
3.5734E-4
7.6185E-4
2.1186E-4
8.9175E-4
9.2120E-4
-2.9929E-4
8.7240E-4
3.4917E-4
-2.6180E-4
5.4313E-4
7.1265E-4
-2.3872E-4
2.2218E-4
4.3419E-4
2.3480E-4
2.1860E-5
-7.2148E-5
1.7481E-4
-3.5635E-4
7.3666E-4
3.5765E-5
4.4122E-5
-5.3927E-5
1.5333E-4
1.1556E-4
4.2555E-4
8.8021E-4
1.8217E-4
7.3408E-5
7.2844E-4
-1.1784E-4
-4.5190E-5
4.7961E-4
-2.0650E-4
4.9123E-4
4.3134E-4
-4.5144E-4
-2.4958E-4
3.7220E-4
1.1514E-3
1.2219E-3
1.1080E-4
1.3743E-4
8.1356E-4
2.6827E-4
6.5550E-4
4.7572E-5
1.1788E-3
4.7164E-4
4.7425E-6
6.1425E-4
1.6317E-4
-1.2124E-4
3.0352E-4
8.4707E-5
7.7766E-5
3.7498E-4
1.4256E-5
-2.2144E-4
6.3186E-5
9.3288E-5
3.1847E-4
-5.0192E-4
-6.4794E-4
1.3700E-4
-1.9896E-4
-1.3813E-5
-1.8559E-4
2.2854E-5
2.1635E-4
-1.5877E-4
4.5499E-4
1.1674E-3
6.1713E-4
-1.6729E-5
4.1931E-4
8.1779E-5
3.2420E-4
2.3072E-4
-3.6154E-6
7.6465E-4
2.6248E-4
7.8669E-4
1.9158E-4
-4.1263E-4
4.0985E-4
5.7210E-4
5.4265E-4
-1.9501E-4
-2.7423E-6
-5.7300E-4
2.3131E-5
1.0959E-3
1.1205E-4
1.2658E-3
1.1554E-4
-2.5725E-4
-1.4389E-4
2.8056E-4
9.8547E-4
4.7152E-4
2.6735E-4
2.0019E-4
8.5503E-5
1.2789E-4
-2.7655E-4
3.9454E-4
5.2278E-4
1.0188E-4
-2.2238E-4
1.9562E-4
1.2026E-4
6.4438E-4
1.3533E-4
-8.4201E-5
2.6133E-4
4.6438E-4
-8.7132E-6
7.2332E-4
5.2809E-4
-1.0095E-4
-4.6373E-4
1.4157E-5
7.0190E-5
-5.3115E-4
1.3233E-3
3.1484E-4
7.1348E-4
6.8583E-5
1.1631E-4
5.5252E-4
1.2414E-4
5.7309E-4
-3.0367E-4
4.9094E-4
1.3946E-4
6.4981E-4
2.8736E-4
-1.7443E-4
5.4423E-6
9.3603E-4
1.7047E-4
2.1072E-4
-1.0720E-4
3.8844E-4
3.5148E-4
2.8540E-5
1.8050E-4
7.9648E-4
-1.1651E-4
1.8369E-5
3.8569E-4
1.6137E-4
6.0488E-4
7.0369E-4
7.8074E-4
-3.5557E-4
-9.7224E-5
1.5108E-3
-3.0110E-5
-1.4821E-4
1.4580E-5
4.9861E-4
1.1496E-3
-3.6433E-4
5.2697E-4
-5.4239E-4
-1.6313E-4
-3.8273E-4
-5.2245E-6
5.8600E-4
8.8311E-4
3.3977E-5
4.6397E-5
6.2161E-6
-4.2049E-4
4.1221E-5
5.3910E-4
8.0968E-4
1.2271E-3
1.0282E-4
-8.0191E-4
6.1787E-4
-8.6806E-7
7.5055E-4
-2.8634E-4
-1.4259E-4
-2.9950E-5
-2.2524E-4
-5.3942E-4
7.5416E-5
1.4744E-4
1.8835E-4
-2.1339E-4
7.0246E-4
6.3626E-4
1.4698E-3
4.0874E-4
1.7616E-4
3.7378E-4
-5.2649E-5
1.4471E-4
-2.5064E-4
4.6167E-4
1.3065E-4
8.0298E-4
3.1095E-4
3.5057E-4
-1.6919E-4
6.2882E-4
4.1535E-4
-1.5535E-4
2.4932E-4
9.6688E-4
6.5736E-5
5.8316E-5
9.8020E-4
-3.2572E-5
-1.7126E-4
4.9920E-5
6.0398E-5
6.1811E-4
3.9880E-4
6.4232E-4
6.0116E-4
5.8647E-4
-4.5221E-4
1.3698E-4
6.8912E-4
4.4594E-4
1.2326E-4
4.1640E-4
-1.6941E-4
8.8416E-4
-5.5003E-5
1.2533E-4
2.0606E-5
9.8753E-5
8.2222E-4
5.6252E-5
2.6339E-5
-2.0482E-4
1.2418E-3
4.2757E-4
2.7004E-4
-6.0767E-6
5.1527E-4
1.1210E-4
1.2318E-3
-3.8431E-4
5.6993E-4
4.2441E-4
-1.8831E-4
3.4746E-4
6.5320E-4
6.2370E-4
5.5964E-4
2.1461E-4
2.6479E-5
3.7027E-4
2.7203E-5
-4.7794E-4
2.0937E-4
8.3318E-4
1.2963E-4
8.5052E-5
6.9265E-4
-8.7571E-5
-2.9645E-4
3.8257E-4
-5.5627E-5
1.8725E-4
-3.5951E-4
1.0397E-5
6.4463E-4
-1.0633E-5
-4.3397E-4
9.6880E-4
-7.5381E-5
-2.3217E-4
9.4705E-4
2.9814E-4
3.9013E-4
5.8055E-4
-3.8145E-4
6.9196E-4
-1.9861E-4
-1.7337E-4
9.4106E-4
2.0132E-4
2.2656E-4
1.2685E-4
8.0968E-4
7.5501E-5
1.5050E-4
-8.5306E-5
4.0681E-4
-3.4530E-4
-2.9799E-5
-4.2296E-4
1.6393E-4
-1.6684E-4
-5.7645E-4
7.1482E-4
-6.0408E-5
-2.6601E-4
5.4018E-4
2.1116E-4
1.0416E-3
2.5433E-4
2.8566E-5
-2.6070E-5
-8.8164E-4
8.1720E-5
-1.4083E-4
-2.6788E-4
-4.1823E-4
-1.7554E-4
1.4658E-4
3.2488E-4
-2.5006E-4
5.2309E-5
2.7267E-4
4.0375E-4
-2.2775E-4
4.1966E-4
6.2481E-4
7.7471E-4
2.0428E-4
2.6640E-4
-1.8847E-4
-4.9227E-5
2.6177E-4
1.9519E-4
8.1777E-5
2.5452E-4
1.3493E-4
-3.6042E-7
-4.4053E-4
1.8578E-4
-1.0889E-4
1.3999E-4
-2.5120E-4
4.4596E-4
-7.8623E-5
-2.6016E-4
6.7978E-4
5.6200E-5
2.0035E-4
1.3521E-5
8.5729E-5
-1.6611E-4
1.0019E-3
2.0089E-4
-4.1345E-4
2.2715E-4
-2.0922E-4
4.2937E-4
3.2491E-4
-2.6650E-4
-7.8012E-5
6.1245E-4
-4.0529E-4
-2.0575E-4
1.7821E-5
-1.9857E-4
1.5132E-4
-7.6444E-5
5.3260E-4
-3.8238E-5
1.2168E-4
-3.6766E-4
7.2924E-4
1.3671E-4
8.6531E-4
3.4823E-4
3.3327E-4
-4.3026E-5
1.6240E-4
-5.2686E-4
-9.8592E-5
9.1480E-5
6.0671E-5
-5.8936E-4
1.0284E-3
5.3068E-4
5.9175E-4
5.4042E-4
6.0367E-5
2.1814E-2
-1.6359E-4
-9.5321E-5
5.3029E-4
6.5828E-4
-1.6318E-3
-4.0123E-4
-3.9146E-4
3.5160E-4
-1.5924E-4
7.4498E-4
6.8997E-4
7.2097E-4
8.8512E-6
4.4154E-4
9.6029E-4
7.3511E-4
4.3351E-4
-1.4926E-4
-1.6854E-4
2.8812E-4
-1.1885E-4
-1.4154E-4
1.2853E-4
6.5265E-4
-2.4918E-4
8.3167E-4
4.0358E-4
4.3158E-4
1.5443E-6
-2.8545E-4
-1.1170E-4
-2.0643E-4
7.7220E-5
-1.7647E-4
-2.5672E-4
-2.8121E-4
-7.6631E-5
7.5483E-4
4.6889E-4
-4.3542E-5
-2.1076E-4
8.4632E-4
3.9393E-5
-3.8698E-6
-4.5086E-4
2.9669E-5
3.8739E-4
-4.7640E-4
4.6773E-4
3.8338E-4
3.7038E-6
1.3980E-4
8.7570E-4
1.9716E-4
4.3643E-4
-5.3533E-5
4.7133E-4
3.1121E-4
1.7988E-5
2.9131E-5
-4.2522E-5
1.9615E-5
2.1144E-4
1.0871E-4
3.6537E-4
1.6054E-4
6.3155E-5
8.6712E-4
4.4495E-4
-1.9335E-5
3.8412E-5
4.9353E-5
4.5035E-4
7.4815E-4
-2.2393E-4
-1.9933E-4
-5.4721E-4
-8.2808E-5
7.9962E-5
3.8502E-4
-1.9612E-4
3.9086E-4
5.2395E-4
6.1033E-4
-2.2496E-4
9.0689E-4
-3.1498E-4
4.0273E-5
2.5694E-4
6.4175E-4
7.1898E-4
-4.4829E-4
2.3362E-4
1.1095E-3
2.8247E-5
5.6354E-4
-3.6867E-5
-3.7578E-4
7.5626E-4
1.9273E-5
5.5584E-4
6.1370E-4
4.1383E-4
-3.6575E-4
4.4284E-4
9.5932E-5
-1.6415E-4
-1.9610E-4
5.8163E-4
1.9169E-4
3.2567E-4
1.1956E-3
6.3863E-4
-1.4860E-4
3.3302E-4
7.1103E-4
-8.5455E-5
-4.3286E-4
1.9125E-4
5.6327E-4
1.3926E-4
3.3031E-4
9.4281E-4
3.6337E-4
2.1407E-4
2.4851E-4
-3.6792E-4
-5.3558E-5
3.5755E-4
4.0272E-4
8.1133E-4
1.8009E-4
-8.0876E-5
-2.3127E-4
3.7756E-4
2.3331E-4
4.9013E-4
2.5482E-4
-1.9029E-4
9.9427E-5
2.4520E-4
7.2539E-4
-6.0489E-4
-2.1807E-5
4.2161E-4
-1.4102E-4
-3.4732E-4
1.5009E-4
3.5627E-4
8.5049E-4
2.4454E-4
5.0336E-4
9.0719E-5
2.4835E-4
-4.6088E-4
-4.6066E-4
-4.9326E-4
3.2120E-4
-1.8901E-4
-3.0203E-4
3.1966E-4
2.1449E-4
7.1073E-4
6.6159E-4
6.7869E-4
6.8300E-4
9.6744E-5
-6.0130E-4
6.4320E-4
-5.0667E-4
-4.3772E-5
6.9807E-4
2.0300E-4
1.3147E-3
-1.5679E-4
1.6869E-3
3.1460E-5
7.8044E-4
1.2320E-4
3.4144E-4
7.4547E-4
3.8856E-5
-6.3184E-5
3.6124E-4
4.4631E-5
4.5469E-4
7.2736E-5
1.1033E-4
2.8213E-4
5.0388E-5
1.1572E-4
2.0993E-4
3.6165E-4
9.1619E-4
3.6184E-4
1.2366E-5
9.5422E-4
5.9770E-4
-3.3768E-5
3.1206E-5
4.9427E-4
1.0281E-3
-1.2464E-5
-2.4125E-4
7.8264E-4
9.6437E-4
1.7223E-4
-1.9787E-4
1.2495E-5
2.1673E-4
-1.1153E-4
3.5515E-4
-5.1340E-4
-2.8020E-4
7.5862E-4
-2.8190E-4
-3.2195E-4
8.2828E-6
4.8225E-4
-2.1146E-4
-3.8143E-4
-7.7155E-4
4.4991E-4
2.2774E-4
-1.7331E-4
-7.1368E-5
-2.9780E-4
3.9518E-4
-7.4202E-6
1.5662E-3
3.8865E-4
4.3468E-4
-1.4860E-4
4.2200E-4
-1.0084E-4
4.2671E-4
-5.2993E-4
6.4899E-4
1.1052E-4
2.9555E-4
2.4641E-4
2.1605E-4
2.8884E-4
4.2101E-4
7.5238E-4
3.7900E-4
3.1566E-4
4.4662E-4
2.7990E-4
-1.1467E-4
-2.0087E-4
-2.1529E-4
1.6505E-5
-2.5623E-4
-4.4134E-4
-3.7605E-4
-1.6669E-4
-1.0544E-5
4.3296E-4
8.6510E-5
-9.8861E-4
6.6874E-6
3.3909E-4
1.4614E-3
-2.8563E-4
3.7703E-4
8.3129E-4
8.5970E-4
3.5244E-4
-2.9840E-4
4.3256E-4
-2.5800E-4
6.7492E-5
4.5585E-4
3.7444E-4
-1.1677E-4
6.9517E-4
-5.2050E-4
7.8211E-4
-9.7106E-5
5.7605E-4
1.4810E-3
2.2665E-4
4.9054E-4
3.9496E-5
5.0827E-4
1.3487E-4
1.1157E-3
-2.7302E-5
-1.6455E-4
9.4826E-4
-1.4724E-4
-1.0962E-4
3.7718E-3
5.0225E-4
-1.8871E-4
3.6055E-4
-3.6927E-4
-4.1917E-4
3.1619E-4
7.4251E-4
5.0748E-4
1.8661E-4
4.6786E-4
9.7145E-4
2.3592E-4
1.2377E-3
5.1114E-4
3.0606E-4
2.1086E-4
4.6169E-4
2.4471E-3
1.6865E-4
3.7272E-5
-1.9429E-4
3.7689E-4
3.9538E-4
1.9049E-4
-2.8308E-4
2.3845E-4
8.2371E-4
2.7656E-4
-1.4240E-4
8.1409E-4
-3.3797E-4
1.0377E-3
5.1294E-4
1.6628E-4
1.0909E-3
-2.1070E-4
-3.7894E-4
1.3347E-4
5.7632E-5
5.1099E-5
5.2611E-4
1.1145E-3
-2.0035E-4
1.0594E-3
3.5619E-4
2.9205E-4
7.7603E-4
3.1406E-4
7.7607E-4
-2.9404E-4
5.8275E-6
2.2003E-4
3.4261E-4
7.4677E-4
1.1073E-3
-3.1230E-4
-3.7226E-4
-4.7682E-4
3.5418E-4
1.4269E-4
-1.2820E-4
-3.0744E-4
-2.2694E-4
1.1078E-4
1.8914E-4
-7.0024E-5
7.1267E-4
4.0005E-4
7.5841E-5
-4.3141E-4
1.9912E-4
4.9597E-4
4.2809E-4
6.3345E-4
9.7842E-4
2.8084E-4
3.4123E-5
4.9930E-4
5.2519E-5
3.8773E-4
-3.0392E-4
3.0087E-4
-2.9841E-4
3.1997E-4
3.1312E-4
7.1530E-4
-7.0155E-5
2.8878E-4
2.4981E-4
-2.6908E-4
7.4528E-4
1.0418E-4
1.8640E-4
-2.0971E-4
3.5035E-4
2.2436E-4
7.5828E-4
-1.3957E-5
1.0326E-3
6.6134E-4
8.0995E-4
-2.6640E-5
8.7894E-4
2.5343E-4
-3.1976E-5
1.8893E-4
-1.2305E-4
3.2971E-4
1.9384E-5
6.3447E-5
5.0515E-4
3.9921E-4
1.0512E-3
-1.4947E-4
5.0113E-4
5.9959E-4
1.0511E-3
1.3666E-4
3.2053E-5
2.6097E-4
-1.7841E-4
1.0127E-4
1.1444E-4
1.9296E-4
-9.4533E-5
-2.3487E-4
-1.6700E-4
3.2437E-4
6.0571E-4
-3.1928E-4
-1.2183E-4
8.3503E-4
1.6978E-5
2.2183E-4
2.7330E-4
-9.8162E-5
7.2078E-4
1.3061E-4
4.2445E-5
-4.0650E-4
-1.0212E-4
3.2895E-4
-1.7564E-4
2.1354E-5
9.9801E-4
2.1368E-4
2.6654E-4
4.2495E-4
4.8474E-4
1.9131E-4
3.2631E-4
2.2218E-4
-6.1295E-4
-1.7868E-4
5.3804E-4
8.3145E-5
7.8897E-4
7.1175E-4
1.8003E-4
-3.6775E-4
3.3319E-4
5.8754E-4
1.0838E-3
1.7462E-4
5.1336E-4
3.7161E-4
4.0896E-4
7.3887E-4
2.9346E-4
5.6598E-4
3.3632E-4
-3.8723E-4
1.5544E-4
6.2311E-5
4.7784E-4
1.4900E-4
-5.3106E-4
2.0064E-5
-4.7794E-5
-2.0553E-4
3.7977E-4
4.5394E-4
1.1033E-4
6.4855E-5
1.5225E-4
-1.7883E-4
-1.0069E-4
-1.9439E-4
2.2516E-4
1.2807E-3
6.3919E-4
-5.2163E-4
-5.4837E-5
4.6301E-6
7.5279E-4
-3.3442E-4
2.4133E-4
1.7725E-4
-3.3479E-5
1.2144E-3
-7.2125E-5
-3.1069E-5
-3.4503E-4
8.1038E-4
5.2558E-4
6.6809E-4
6.3767E-4
1.3213E-3
-3.3389E-4
1.9680E-4
8.1540E-4
4.9707E-4
7.8356E-4
1.5797E-4
3.0219E-4
3.4132E-4
-1.1441E-4
-4.4799E-5
1.5162E-4
-1.9639E-4
2.2356E-4
6.4177E-4
5.6148E-4
-7.0111E-5
2.5112E-4
4.4340E-4
-3.3858E-5
5.0151E-4
1.1723E-4
5.0929E-4
3.9917E-4
1.7689E-4
-1.7717E-5
1.1362E-4
2.4198E-4
1.4484E-4
4.0474E-4
-6.4673E-4
6.1752E-4
3.6846E-4
-2.7621E-5
8.1907E-4
1.1239E-3
2.7168E-4
-1.5845E-4
1.1300E-3
4.6401E-4
-5.3705E-4
-2.2442E-5
6.7593E-4
-3.6906E-4
6.5282E-5
1.2536E-3
-1.3759E-4
6.7170E-5
1.8135E-4
1.1566E-4
4.8329E-5
9.7772E-4
8.8114E-5
2.1193E-4
4.5916E-4
2.4631E-4
4.5832E-4
3.7594E-4
-3.1939E-5
-1.6466E-5
5.8356E-4
-1.0672E-5
8.5001E-5
-3.2837E-4
-4.5761E-4
3.4452E-4
8.0188E-5
-3.5367E-4
2.0688E-4
3.6510E-4
1.3978E-4
1.4886E-4
-5.5641E-4
9.7689E-4
7.8286E-5
1.8990E-4
1.7167E-5
-1.5119E-4
-1.7593E-4
1.6426E-3
-7.3920E-4
2.8249E-4
-5.5817E-4
4.6245E-5
-1.4099E-4
2.1398E-4
2.0645E-4
8.3308E-4
8.2347E-4
9.0270E-4
8.6093E-4
2.1833E-4
-4.9786E-5
-3.1848E-4
1.5691E-4
7.7216E-4
-3.3172E-4
2.3926E-6
1.0342E-4
2.1875E-4
-4.8480E-5
6.0361E-4
5.5439E-4
5.9085E-4
1.6034E-4
-1.9321E-4
5.3877E-4
1.0189E-4
5.0805E-4
-4.1846E-4
-4.3042E-5
-8.2532E-5
1.5820E-4
6.6362E-4
6.3612E-4
8.6140E-4
4.7235E-4
5.4301E-4
-5.1557E-4
-3.6685E-4
-6.3701E-5
3.1721E-4
3.5533E-4
4.1685E-4
3.8250E-4
-4.0086E-4
9.3382E-5
3.9144E-4
-5.7559E-5
4.3211E-4
-1.2973E-4
6.6646E-4
-1.7399E-4
5.0576E-4
2.5702E-4
-1.2749E-4
-1.8574E-4
7.1784E-4
5.5622E-5
-5.8422E-5
-4.3528E-4
3.0236E-4
2.2228E-4
-3.3945E-5
2.2976E-5
6.9839E-4
-1.3115E-5
8.4698E-4
2.2997E-5
9.2870E-4
2.8582E-4
4.8216E-4
1.0517E-3
-1.2661E-4
5.3307E-4
8.7124E-4
6.8588E-5
-3.7559E-4
-1.1625E-4
2.1043E-4
8.2866E-4
-1.2763E-4
1.6587E-4
8.1079E-4
5.6580E-4
-1.5046E-4
3.2089E-4
3.5375E-4
7.7048E-4
2.0610E-4
1.3709E-4
4.7994E-4
-2.6737E-4
1.9762E-4
2.7308E-4
1.0424E-4
-3.3000E-4
4.5106E-4
-1.6635E-4
3.5666E-4
-9.9241E-5
3.7192E-4
-1.0704E-4
4.0049E-4
3.6067E-4
2.2838E-4
-2.9801E-4
-2.2124E-4
-2.2466E-4
5.2167E-4
2.2413E-4
1.7178E-4
3.6502E-4
-3.6319E-4
1.5476E-4
-4.1718E-4
1.7761E-4
6.8728E-4
3.8048E-4
8.1860E-5
1.9409E-4
-6.7982E-5
6.6804E-4
-1.3314E-4
2.0356E-4
-2.8475E-4
-1.6992E-4
3.4507E-4
-3.6435E-6
-1.8423E-4
3.0675E-4
2.8669E-5
3.8392E-4
-7.9884E-5
-1.5878E-4
5.4967E-4
2.9437E-4
-2.1866E-5
1.3607E-4
2.1116E-4
-1.7442E-4
1.7785E-4
1.5752E-5
7.1677E-5
-2.0055E-4
1.5574E-4
6.6477E-4
8.5674E-4
4.0283E-5
2.7798E-4
2.6850E-4
3.3403E-4
4.7138E-4
1.5109E-4
-9.8070E-5
-1.4909E-4
3.2913E-5
2.6664E-4
-2.4944E-5
-7.4764E-4
1.7589E-5
-3.9345E-4
3.7221E-5
-3.5363E-4
-5.5470E-7
9.9784E-6
-1.3718E-4
2.3522E-4
5.0981E-4
1.0965E-3
4.2644E-4
2.6033E-5
5.9306E-4
1.8288E-4
2.5203E-4
-5.7904E-5
1.4027E-4
2.6867E-5
-4.3354E-4
-3.6867E-5
-6.1005E-5
3.2278E-4
1.2931E-4
3.0972E-4
-1.8517E-4
8.8682E-6
1.9038E-4
-3.7821E-5
3.4282E-5
-4.1040E-4
7.1384E-4
1.2589E-4
1.9213E-4
3.2402E-4
8.3158E-4
-3.1245E-4
2.4354E-4
5.2852E-4
7.1369E-4
-1.0861E-4
1.7769E-4
6.2189E-4
1.0361E-3
7.6722E-5
-2.5708E-4
9.6085E-4
3.7965E-4
-6.9592E-4
-1.6914E-4
-4.8273E-5
-5.3313E-5
3.0718E-4
4.2664E-4
5.1257E-4
7.7992E-4
-3.2511E-4
3.0106E-4
-3.3887E-4
8.6772E-4
-1.2107E-4
3.8011E-5
7.8574E-4
2.4092E-4
-2.7497E-4
2.0543E-4
6.3847E-4
4.1989E-4
9.1990E-4
3.4518E-4
-5.1189E-4
6.3270E-4
1.1239E-3
7.8661E-4
9.3499E-4
5.0933E-4
-1.0648E-4
8.4638E-4
-7.0373E-6
5.7322E-4
6.1033E-4
3.2361E-4
7.8260E-4
5.1512E-4
4.8330E-4
-1.2061E-4
1.2867E-4
-1.5969E-4
-5.1818E-4
4.3081E-4
2.5916E-4
9.2630E-4
2.1541E-4
1.0965E-3
2.6585E-4
5.8198E-4
2.8553E-4
-8.0807E-4
-4.8625E-5
-5.0038E-4
-1.3436E-5
-5.4942E-4
2.9706E-4
1.6677E-4
6.8599E-4
7.4319E-7
2.9297E-4
3.1925E-4
2.4513E-4
-2.7375E-4
6.1728E-4
-6.4676E-4
-2.5654E-4
-3.1734E-4
4.4790E-4
-4.1952E-6
3.8562E-4
2.0226E-4
3.3238E-5
6.4835E-4
-3.7874E-5
-1.0949E-4
-4.6339E-5
9.0949E-5
2.7065E-4
-2.4693E-4
5.5683E-4
3.6926E-4
7.1863E-4
1.0356E-4
-3.7620E-4
1.0198E-4
6.4731E-4
2.8090E-4
1.4778E-4
3.7974E-4
1.0495E-4
-2.1835E-4
4.9140E-4
9.7537E-5
4.7165E-4
1.8797E-4
-3.4565E-4
2.9731E-4
7.7776E-5
1.1168E-4
4.5067E-4
3.0156E-6
1.6267E-4
-1.2252E-4
5.2629E-4
3.9381E-4
-2.3587E-4
8.6646E-5
5.8330E-4
4.6234E-4
1.0871E-4
2.7988E-5
1.5761E-4
2.0021E-6
1.5567E-3
-4.2104E-4
-1.1509E-4
4.2378E-4
-8.1372E-5
2.4771E-4
7.5070E-4
9.1651E-4
8.3379E-5
5.9328E-4
-5.1917E-5
4.7156E-4
6.6536E-5
6.4412E-4
3.2741E-4
2.8934E-5
2.5191E-4
1.6736E-4
7.7071E-4
2.1685E-4
5.4384E-4
4.8147E-4
-3.0153E-4
1.2914E-4
7.4816E-4
8.0269E-5
4.9960E-4
2.3821E-4
1.0422E-4
2.8430E-4
3.3950E-4
-7.6689E-4
6.0339E-4
-8.6328E-6
2.0061E-4
5.9693E-4
1.5122E-4
1.9739E-4
3.9880E-4
9.4934E-4
4.1979E-4
-1.8981E-4
8.0319E-4
1.1873E-4
6.3777E-4
8.1801E-4
2.0344E-4
2.1485E-4
-3.7109E-5
4.5625E-4
2.1429E-4
7.0030E-4
5.5376E-4
-1.2814E-4
6.9831E-4
3.4558E-5
4.8312E-5
-7.0732E-4
6.2249E-4
-2.2599E-4
2.5020E-4
2.7608E-4
2.6654E-4
4.7835E-5
-2.1379E-4
9.6516E-5
1.2632E-4
-2.2704E-4
6.0618E-4
-1.3394E-4
1.9266E-4
1.4844E-4
1.1427E-3
4.1455E-4
5.3067E-5
2.9748E-4
4.9258E-4
6.6535E-5
-8.3033E-5
3.9011E-7
1.1737E-4
7.8938E-4
2.3337E-4
1.9269E-4
2.3279E-4
6.4231E-4
6.6606E-4
1.1014E-4
4.6780E-4
4.7049E-4
7.7278E-4
-1.6423E-4
1.0282E-3
-1.0119E-4
-1.2128E-4
-2.8775E-4
2.7713E-5
4.5590E-4
-1.8587E-4
5.6508E-4
-4.4466E-4
1.8960E-6
8.3826E-4
1.0595E-3
6.0426E-4
2.9665E-4
-1.7755E-4
-3.1227E-5
3.9924E-4
1.5881E-4
1.2168E-5
5.2232E-4
-4.2332E-4
-8.9625E-5
-1.4750E-4
-8.7773E-5
-2.6933E-4
3.6904E-4
2.1911E-4
9.0139E-5
1.9906E-4
5.8443E-4
5.4490E-5
2.9502E-4
-3.7237E-4
2.6494E-5
-5.9488E-4
1.0968E-4
-8.2169E-4
4.9444E-4
-3.5031E-4
-1.9713E-4
-3.6075E-4
2.3930E-4
1.4296E-4
2.6961E-5
4.0565E-4
6.0516E-5
-1.3486E-4
5.0670E-5
1.6782E-4
9.6220E-4
6.4685E-4
4.0166E-4
-1.9125E-4
8.7956E-4
5.8998E-4
2.7568E-4
3.1568E-4
2.1832E-4
-5.0805E-5
-6.4988E-5
-5.9195E-4
4.3819E-4
3.1192E-4
1.3115E-3
-3.9763E-4
7.9233E-4
5.5398E-4
4.6917E-4
-2.3368E-4
2.9717E-4
-1.8018E-4
3.9041E-4
1.3283E-3
1.0137E-3
3.0206E-4
3.3479E-4
7.0276E-4
-1.3686E-4
1.3176E-4
-4.8765E-4
-8.8291E-5
-1.3240E-4
1.1644E-4
1.2687E-4
-5.8727E-5
4.8355E-4
-6.5047E-4
2.0414E-4
2.3921E-4
-1.2384E-4
1.4578E-4
1.6515E-4
6.8133E-4
4.9431E-4
2.3564E-4
-3.4944E-5
6.0940E-4
1.0221E-4
1.6440E-4
-1.8707E-4
-3.1526E-5
1.1007E-4
6.6034E-5
3.2211E-4
3.0727E-4
4.8176E-4
-4.7152E-4
7.3306E-4
4.1444E-4
5.4761E-4
2.4073E-4
-2.2707E-6
4.6887E-4
1.1094E-3
-9.6355E-5
1.3502E-4
6.4941E-4
1.9162E-4
2.8676E-4
4.2113E-4
2.3006E-4
1.8957E-4
1.5377E-4
4.5515E-4
1.9101E-4
-2.5127E-4
1.2005E-3
7.4826E-4
-2.7582E-5
4.7027E-4
-3.5714E-5
4.7709E-4
7.1898E-5
4.8176E-4
-8.0991E-4
9.6943E-4
-7.8545E-5
2.4732E-4
-7.4676E-4
1.7851E-4
5.9269E-4
7.2701E-4
-4.4216E-4
3.9695E-4
-1.0758E-4
-2.3653E-4
-2.8495E-4
-2.3657E-4
-1.1108E-4
1.0769E-3
-1.2375E-4
3.9183E-5
1.4055E-3
4.2117E-4
7.5381E-4
4.6980E-6
7.0246E-5
3.1720E-4
7.0643E-4
-2.3963E-4
-5.3842E-4
3.8852E-4
1.9582E-5
2.4413E-4
-2.7659E-4
3.3625E-4
1.2939E-4
-2.2438E-5
4.4026E-4
9.0702E-4
2.1189E-4
-4.5614E-4
-5.2003E-4
1.6394E-3
2.4328E-4
-4.3783E-4
-7.3909E-5
-3.7099E-4
5.1925E-4
9.9848E-5
3.0400E-4
1.6233E-5
2.0250E-4
2.2748E-4
1.6988E-4
-3.3208E-5
-9.6357E-5
-2.4990E-4
-2.7494E-4
-2.4670E-4
1.6652E-4
1.8692E-4
1.0085E-4
7.4505E-4
5.5473E-4
1.8910E-4
7.8311E-4
7.1745E-4
1.1143E-3
1.9588E-4
4.6299E-4
6.8047E-4
-9.6075E-5
-3.1446E-4
4.4541E-4
3.0668E-4
3.6933E-4
1.4895E-5
-5.5592E-4
-2.9173E-4
-1.1528E-4
-1.8789E-4
-9.9786E-5
-5.4442E-4
2.1465E-4
8.6520E-4
5.3954E-4
1.4443E-4
9.0595E-4
6.2469E-4
8.0038E-5
9.3097E-4
4.3254E-4
3.3379E-4
1.3465E-4
1.6540E-4
3.2770E-4
-4.5765E-5
4.6935E-5
-1.1442E-4
1.1842E-4
-3.6296E-5
1.3282E-3
5.8643E-4
-2.3959E-6
4.9929E-4
4.3817E-4
-4.2970E-4
1.2466E-4
1.8106E-4
-1.6333E-4
-4.3791E-4
2.8007E-4
-4.5884E-4
-5.5617E-4
-2.1596E-4
-5.8260E-5
3.0483E-4
-1.6754E-4
-4.2244E-4
8.2560E-4
3.9154E-4
2.5511E-4
-2.8913E-4
1.5679E-4
4.2725E-4
-3.0937E-4
-2.7911E-4
1.7007E-4
4.3977E-4
1.3946E-4
-3.6920E-4
3.6122E-4
4.0941E-4
-4.6624E-5
1.1277E-3
-2.5396E-4
3.8359E-4
3.2669E-4
2.8305E-4
8.3207E-6
-1.3804E-4
5.0068E-4
2.9962E-4
-3.7282E-5
-7.8616E-5
4.7110E-4
6.1631E-4
2.5706E-4
1.9062E-4
4.4141E-4
-4.0399E-5
6.9311E-5
-4.8769E-4
-2.0595E-4
-2.0344E-5
2.5157E-5
5.8664E-5
-6.1645E-5
-1.8766E-4
4.9070E-4
8.4749E-4
3.8586E-4
6.1686E-4
2.6551E-5
6.9506E-5
-6.2129E-4
-5.6894E-4
4.3338E-4
-7.2341E-5
1.9258E-4
-1.7528E-5
4.2311E-4
-1.3198E-4
8.0229E-4
4.2368E-4
1.9622E-4
2.6845E-4
2.8560E-4
1.2226E-4
-3.2275E-4
2.3629E-4
-1.7816E-4
3.2873E-4
2.0077E-5
2.7744E-4
-1.8742E-4
7.6098E-5
2.6891E-4
8.4216E-4
1.8379E-4
6.8130E-4
6.4750E-4
2.9040E-4
4.6176E-4
1.5443E-4
1.7221E-4
5.5024E-4
-1.0767E-4
1.3567E-4
6.5941E-5
-7.3990E-5
2.8307E-4
-2.9818E-4
2.3878E-4
5.7996E-4
5.9788E-4
1.9297E-4
1.0045E-4
4.4065E-4
2.5244E-4
1.6071E-5
-6.7393E-4
1.3402E-4
7.2552E-4
-6.2968E-5
5.2056E-4
2.2514E-4
5.0451E-4
-1.3038E-4
3.6298E-4
1.6956E-4
2.3110E-6
3.7123E-4
4.4297E-4
2.4479E-4
6.0288E-4
-7.7725E-5
4.4264E-4
7.2377E-4
-2.0185E-5
-1.8391E-4
4.9936E-4
-4.2026E-5
-1.0310E-4
2.3301E-4
3.0002E-4
-2.2382E-5
-1.9141E-4
6.1515E-4
5.2581E-4
6.3770E-4
-1.0439E-4
7.1285E-4
2.8446E-4
4.7768E-4
-2.5420E-4
3.9488E-4
4.2598E-4
-2.5994E-4
-9.3184E-5
-1.6049E-4
1.6773E-4
6.4011E-4
1.6159E-4
1.3135E-3
1.0484E-4
-7.8373E-5
5.7069E-4
2.5038E-4
6.1132E-6
2.9661E-4
2.0650E-4
-2.4503E-4
-2.9036E-4
-3.3589E-4
1.2004E-3
3.0470E-4
1.0387E-3
-3.3557E-4
-2.5203E-4
2.4453E-4
4.4104E-4
1.9340E-4
-2.4886E-5
4.2577E-5
-3.1845E-5
4.8801E-4
3.2797E-4
8.9904E-4
6.6146E-4
8.9352E-4
4.4769E-4
1.9393E-4
-5.5413E-5
-8.2164E-5
6.9499E-4
1.0759E-3
9.5698E-4
-2.5204E-5
2.3845E-4
-4.2113E-4
6.4604E-5
8.3174E-5
-1.5056E-5
-1.6427E-4
2.2674E-4
4.3176E-4
1.4594E-4
8.1232E-4
2.7332E-4
-1.0840E-4
-5.1510E-4
7.4055E-4
5.3218E-4
2.5134E-4
-1.5156E-4
9.6247E-5
-2.2692E-4
3.2526E-4
3.8337E-4
6.4031E-5
-9.1323E-6
1.2432E-4
-2.0728E-5
-2.8736E-5
3.4430E-4
8.3882E-4
-1.2026E-4
4.4802E-4
-3.7678E-4
4.9494E-4
-4.4325E-4
-4.9353E-4
7.5399E-5
-2.7019E-4
1.1107E-4
3.4663E-5
3.5602E-4
2.8273E-4
5.6080E-4
1.2149E-3
-6.5523E-5
8.2606E-3
2.9396E-4
1.3363E-4
-2.0000E-5
-3.3043E-4
7.5884E-5
1.3157E-4
4.3175E-4
-1.4764E-4
2.8168E-4
3.9801E-4
7.1282E-5
3.7017E-4
4.4044E-4
1.4050E-4
5.9508E-4
5.4485E-4
6.8856E-4
1.7211E-4
4.4301E-4
7.8691E-4
4.5755E-4
1.3729E-4
1.3090E-4
8.8833E-4
1.0693E-4
1.1542E-4
3.7587E-4
-2.7022E-4
1.2288E-3
1.7192E-4
3.0397E-4
-2.5079E-4
9.5652E-5
-5.3862E-6
-6.8216E-5
4.1693E-6
-7.0158E-5
-9.0805E-5
-3.2170E-5
-1.2443E-4
7.7184E-5
6.4227E-4
2.4068E-4
2.1138E-4
2.9201E-4
4.5851E-4
6.5123E-4
2.7893E-4
1.2958E-4
1.1352E-3
3.0516E-4
4.0071E-4
-4.9763E-4
1.4671E-4
-6.7484E-5
-7.5726E-5
1.0417E-4
5.7852E-4
3.3785E-4
-2.0277E-5
-2.0455E-4
3.6972E-4
4.2187E-4
5.1194E-4
-2.0461E-4
-3.0373E-4
-1.0485E-4
5.2542E-4
-2.0446E-4
1.1866E-3
1.3544E-3
-1.1720E-4
7.9926E-4
8.6616E-5
1.2001E-3
1.0922E-3
7.8564E-4
2.1193E-4
-1.7838E-4
3.5966E-4
1.8482E-4
3.0068E-4
2.0186E-4
-3.6525E-5
-7.4218E-4
1.2814E-4
3.8251E-4
7.9821E-4
-1.6629E-4
2.9130E-4
-3.1573E-4
4.5475E-4
2.6300E-4
-3.9674E-4
-1.6486E-5
6.9334E-5
3.9384E-4
2.3404E-5
1.2322E-3
7.8973E-4
9.7411E-4
8.8036E-4
9.0290E-4
7.6795E-4
1.1938E-3
9.1492E-4
-2.1138E-5
3.3894E-4
-1.8487E-5
1.4497E-4
-5.0768E-4
-1.0023E-4
-2.2371E-4
3.7951E-4
1.5158E-6
1.0385E-4
-5.2430E-4
-2.3277E-4
-2.1617E-4
-1.4031E-5
5.7439E-4
2.5700E-5
1.1760E-3
6.9133E-5
5.4475E-4
6.7098E-4
9.2227E-4
