87
52
1.1767E-3
1.2481E-3
-1.2487E-5
-1.3387E-4
3.1945E-4
-1.6063E-5
1.4424E-5
1.2216E-4
1.5020E-5
7.5808E-4
1.0133E-6
-4.6372E-5
0.0000E+0
3.5048E-5
7.0184E-4
-1.9214E-4
-6.9410E-5
-2.3127E-5
-5.4270E-5
1.0519E-3
-1.2189E-5
-7.3880E-5
7.5847E-5
-8.1152E-5
9.6262E-6
1.1931E-3
1.2591E-3
1.4096E-3
1.2547E-5
2.0415E-5
-1.6525E-4
-1.1000E-4
-3.6210E-5
2.6733E-5
-5.9903E-6
-1.1420E-4
1.2591E-3
1.1132E-3
1.4105E-4
-4.2021E-5
-1.4168E-4
2.1330E-4
4.6074E-5
-2.2829E-5
3.0085E-4
1.5327E-4
1.2350E-4
-2.1568E-4
2.0421E-4
1.5080E-4
1.5421E-3
1.3565E-3
1.1140E-3
-4.2766E-5
1.6421E-4
-4.6730E-5
8.6179E-4
-7.6294E-5
-8.9616E-5
4.1455E-5
-2.1577E-5
1.1313E-4
-2.6128E-4
5.8413E-5
6.9869E-4
2.2975E-4
4.4674E-5
9.2456E-4
-4.0442E-5
3.1263E-5
2.8819E-5
9.7722E-5
3.6919E-4
2.0862E-4
1.5274E-4
1.0023E-4
2.9355E-5
-3.2067E-5
1.4960E-3
3.9160E-5
6.8009E-5
-1.8507E-5
-5.3048E-6
6.9693E-4
7.1725E-4
8.1509E-5
7.4896E-4
-2.0686E-4
5.7131E-5
-1.5318E-5
5.4300E-5
-2.4062E-4
1.2305E-4
-2.2680E-5
1.1909E-3
2.3812E-5
-1.9810E-4
1.5423E-4
1.8212E-4
9.9888E-4
5.4240E-5
1.5584E-4
-1.3697E-4
1.4538E-3
-1.2204E-4
-3.6210E-5
-2.5600E-5
-1.1548E-4
1.2393E-3
-1.8659E-4
-1.8755E-4
-6.6876E-5
6.2695E-4
-5.8264E-5
-1.6940E-4
7.9036E-5
1.1206E-5
1.7482E-4
-1.0073E-5
9.8437E-5
-5.1469E-5
8.5962E-4
-3.2863E-4
-1.1361E-4
-3.4899E-5
-8.4192E-5
-1.4812E-4
3.4967E-4
-9.0152E-5
-1.1176E-5
1.5124E-3
8.2940E-5
8.2403E-5
1.0699E-4
1.2875E-5
7.4103E-4
6.1244E-5
1.0741E-4
3.8177E-5
1.3113E-6
1.0276E-4
8.4212E-4
1.4910E-3
2.5892E-4
7.7605E-5
-4.6134E-5
-2.5395E-4
1.6932E-3
6.2525E-5
1.1742E-3
-5.5730E-6
7.0041E-4
-1.0186E-4
-5.5343E-5
-3.3313E-4
6.0022E-5
9.2685E-6
-3.1203E-5
1.4356E-4
6.9469E-5
4.6402E-5
-7.1555E-5
8.8662E-5
5.1290E-5
9.7215E-5
1.0860E-4
-7.1883E-5
1.1384E-5
5.3704E-5
5.9128E-5
9.5806E-4
-7.4387E-5
-7.8857E-5
-7.2837E-5
-5.4240E-5
6.6876E-5
-3.1507E-4
-1.0061E-4
5.3644E-7
-1.4213E-4
-5.2035E-5
5.5432E-6
-2.2143E-5
1.3262E-5
5.9009E-6
-3.5763E-7
5.7340E-5
-4.6223E-5
-1.3781E-4
2.0030E-4
5.9646E-4
-6.1989E-6
7.5957E-4
4.9454E-4
1.7440E-4
-1.7035E-4
-1.4782E-4
5.5432E-5
1.4186E-4
1.0590E-3
2.0289E-4
4.0919E-4
-1.1894E-4
8.7592E-4
1.8388E-5
-3.6359E-5
2.0114E-4
-5.7429E-5
-8.6099E-5
1.5318E-5
-1.2517E-5
-1.4132E-4
1.4040E-4
1.3238E-4
6.4194E-5
4.6024E-4
1.2773E-3
1.0889E-3
7.6172E-4
-1.4204E-4
4.9174E-5
1.2520E-4
1.1235E-5
6.1452E-5
2.9081E-4
1.6719E-5
-1.7011E-4
-1.6242E-5
-3.3826E-5
1.3664E-4
-6.3002E-5
6.3777E-6
8.0615E-5
-2.7922E-4
3.2604E-5
-2.8342E-4
4.5300E-6
6.2525E-5
-1.2258E-4
-1.7929E-4
-7.7009E-5
1.2279E-5
-1.7658E-4
3.9846E-5
5.6657E-4
1.4365E-5
-1.9410E-4
8.8421E-4
-7.6085E-5
-3.0816E-5
-1.2603E-4
2.2694E-4
2.5129E-4
-4.3482E-5
5.0455E-5
1.8719E-4
-1.8612E-4
8.6278E-5
2.8434E-4
-4.4703E-5
-1.1840E-4
4.1723E-7
-1.5497E-5
-9.5367E-7
2.0981E-4
7.5191E-5
-1.5455E-4
-5.3644E-6
2.1061E-4
9.5397E-5
9.1380E-4
-4.8578E-6
2.4468E-5
-9.6858E-6
3.8949E-4
2.7469E-4
-2.9057E-5
1.0160E-4
-3.0500E-4
8.4993E-4
9.3961E-4
3.3170E-5
2.7895E-5
1.2983E-3
-7.4059E-5
1.1249E-3
-6.4969E-6
-7.0691E-5
-3.4526E-4
-2.3484E-4
-2.8938E-5
-5.9456E-5
-2.3186E-4
1.0937E-5
-7.0363E-5
-4.1425E-5
9.9951E-4
-1.1382E-4
-1.3909E-4
-1.0383E-4
-1.7133E-4
8.5965E-4
-2.1428E-5
1.0997E-4
-1.5175E-4
-2.3216E-5
-1.6329E-4
2.7359E-4
1.2848E-4
7.7540E-4
1.0830E-3
-2.7192E-4
3.2783E-6
1.0382E-3
7.5766E-4
-6.8724E-5
-1.1453E-4
-1.3199E-4
-6.8933E-5
-1.1837E-4
9.2050E-4
-8.9288E-5
-3.4720E-5
1.9401E-5
4.8071E-5
2.3812E-4
1.2116E-3
2.5502E-4
1.0724E-3
1.5920E-4
-4.9174E-6
1.1075E-4
-6.8158E-5
-1.6725E-4
2.4572E-4
7.6234E-5
7.7337E-5
2.6315E-5
6.6081E-4
4.9382E-5
-1.2866E-4
9.7412E-4
7.6294E-5
2.1759E-4
-6.3181E-6
1.2884E-3
-7.4506E-6
5.9038E-5
-4.8876E-6
2.6408E-4
7.6133E-4
-1.7950E-4
-3.5167E-6
6.8098E-4
1.0440E-4
9.2375E-4
-1.2016E-4
1.0744E-3
-1.3766E-4
9.8458E-4
1.9222E-5
2.3952E-4
9.9689E-4
-1.1891E-4
-5.7876E-5
1.2252E-4
7.0333E-6
-1.4663E-5
-1.5879E-4
3.5077E-5
2.0534E-5
4.6098E-4
-9.9838E-6
3.1322E-5
3.3170E-5
1.2365E-4
-1.1125E-4
1.1081E-4
-2.2978E-5
1.1751E-4
1.6087E-4
3.1078E-4
1.3110E-4
-1.8793E-4
-2.2918E-4
1.6937E-4
1.1477E-3
1.2571E-4
1.2413E-4
3.3349E-5
5.6297E-5
7.2655E-4
1.4132E-4
3.6240E-5
3.2508E-4
4.6253E-5
2.0549E-4
-1.9598E-4
9.8348E-7
-3.0279E-5
-2.3457E-4
7.7006E-4
-1.6245E-4
-4.6223E-5
2.6491E-4
-7.9006E-5
1.6907E-4
-1.7792E-4
1.4398E-4
1.0094E-4
1.0699E-5
4.4346E-5
-1.2279E-4
1.1751E-3
1.3933E-4
1.3074E-4
-2.2620E-4
-1.3441E-5
-1.4311E-4
1.4335E-4
-1.4570E-4
1.8626E-5
-9.0480E-5
1.2879E-3
-2.3311E-4
1.3382E-3
-5.3644E-6
8.3774E-5
-3.7253E-6
-1.0622E-4
-5.0902E-5
7.7218E-5
-1.5259E-4
-6.6698E-5
-1.9404E-4
1.0696E-4
2.3812E-5
4.6760E-5
-2.4676E-5
8.3837E-4
6.7067E-4
3.7223E-5
-4.0650E-5
4.7734E-4
-1.6788E-4
2.1234E-4
1.1214E-3
1.6823E-4
-1.0172E-4
-1.0341E-5
-9.6530E-5
-1.1453E-4
1.4663E-5
-3.8743E-7
2.0275E-4
-5.3942E-5
8.3476E-5
-2.4825E-5
8.7368E-4
-2.2689E-4
7.3820E-5
5.6460E-4
9.9084E-4
2.9802E-7
-1.8424E-4
1.8084E-4
-2.6953E-4
-2.8417E-4
-9.0599E-6
9.4828E-4
-1.8206E-4
-1.4406E-4
-6.8516E-5
-7.8142E-5
-1.9622E-4
-1.4028E-4
-2.0078E-4
-5.7966E-5
7.9662E-5
-5.4181E-5
8.3238E-4
5.5936E-4
-1.9941E-4
1.2551E-3
-8.8602E-5
9.3311E-5
1.5023E-4
-1.6972E-4
9.2098E-4
-2.4140E-5
1.2819E-3
1.1235E-5
-4.4584E-5
-2.0722E-4
-1.1265E-5
-3.7849E-6
9.0134E-4
-5.2989E-5
1.2061E-3
-6.0827E-5
7.6163E-4
1.9640E-5
-7.7814E-5
-1.8656E-4
1.3354E-3
-3.3054E-4
-2.5779E-5
-3.7038E-4
-3.1108E-4
-2.7061E-5
1.2809E-4
7.3832E-4
3.3170E-5
1.1405E-3
-1.5849E-4
6.9246E-4
-2.5779E-5
1.5286E-4
3.6532E-4
-2.1458E-6
6.2466E-5
2.5690E-5
1.1906E-3
1.0651E-4
6.1065E-5
-1.5616E-5
1.1064E-3
8.0833E-4
-1.1787E-4
1.4782E-4
3.3617E-5
-8.1718E-5
-5.9068E-5
2.7090E-5
7.3910E-5
-1.9428E-4
3.9369E-5
-1.1152E-4
-1.7196E-5
-2.1577E-5
8.4463E-4
-2.3186E-5
1.4207E-4
5.2750E-5
1.6871E-4
5.2959E-5
2.7925E-5
2.6077E-5
-1.4770E-4
-1.7944E-4
8.0287E-5
1.9023E-4
-5.9485E-5
8.4072E-5
-9.1612E-5
-1.7032E-4
-1.2457E-5
6.4969E-4
-1.4067E-5
-3.5346E-5
-2.0176E-5
2.9895E-4
-3.6955E-4
-1.6907E-4
3.0220E-5
-1.0851E-4
1.0150E-3
1.3807E-4
2.8849E-5
-1.9851E-4
-3.1903E-4
8.1119E-4
8.0886E-4
-8.2463E-5
4.4882E-4
1.4305E-6
1.2887E-4
6.7204E-5
-4.1664E-5
-1.9768E-4
-3.4362E-5
-1.2705E-4
7.0632E-5
1.5652E-4
1.1128E-4
8.2782E-4
-9.8348E-7
-2.9781E-4
-9.5665E-6
-9.6262E-6
-1.0300E-4
2.3931E-5
7.5817E-5
-1.0616E-4
9.8079E-5
3.7938E-5
4.2021E-6
-1.9595E-4
-2.0891E-5
8.1006E-4
8.5205E-5
1.1113E-3
7.4503E-4
-1.9640E-5
-1.1945E-4
-1.5929E-4
-1.7446E-4
1.7118E-4
1.3229E-4
-2.1514E-4
1.3144E-3
6.9317E-4
9.4414E-4
9.5913E-4
8.6755E-5
1.8388E-5
2.8878E-4
-5.2691E-5
1.9762E-4
3.8591E-4
1.4365E-4
6.2376E-5
1.3900E-4
2.1550E-4
1.5852E-4
5.9903E-6
-4.5002E-5
1.4305E-5
-1.3295E-4
6.3479E-6
-1.2559E-4
-3.3528E-5
2.1815E-5
-1.4517E-4
8.1870E-4
-1.8105E-4
7.7075E-4
-1.2165E-4
8.6251E-4
-1.6832E-4
5.0664E-6
3.1292E-6
-9.9242E-5
4.6223E-5
-3.2067E-5
-3.7462E-5
-1.4862E-4
8.0019E-5
-3.0679E-4
-4.5031E-5
-9.3639E-5
-2.8807E-4
2.4354E-4
3.6955E-5
-1.8001E-4
6.4000E-4
-4.6790E-5
-1.8582E-4
-2.1648E-4
-2.3872E-5
9.3740E-4
1.7938E-4
2.5585E-4
-8.7649E-5
-2.8378E-4
1.3700E-4
-3.2318E-4
1.8021E-4
-9.9361E-5
4.5002E-5
-7.6830E-5
-7.1228E-6
-1.2112E-4
7.3344E-5
-2.1911E-4
-1.0484E-4
-6.4701E-5
7.8082E-6
-7.3731E-5
1.1724E-3
3.3051E-5
5.2214E-5
-1.3664E-4
7.4953E-5
-2.5088E-4
6.2498E-4
-1.2261E-4
-2.2978E-5
-1.8588E-4
-1.1399E-4
-1.5229E-4
1.0675E-4
2.8133E-5
-2.8312E-5
8.7589E-5
2.9638E-4
6.4513E-4
-9.9838E-5
-3.4213E-5
7.3463E-5
-9.2566E-5
-1.2606E-4
6.1283E-4
1.2657E-4
3.0756E-4
6.5804E-5
1.6245E-4
-1.4424E-4
6.8545E-7
1.2192E-3
9.2512E-4
2.9424E-4
-3.7968E-5
1.6972E-4
7.4899E-4
-2.0984E-4
2.3329E-4
2.1052E-4
-9.2477E-5
9.1970E-5
-1.4460E-4
1.2004E-4
4.1336E-5
1.3977E-5
7.5430E-5
3.7923E-4
-3.1877E-4
2.1562E-4
9.2685E-6
-6.1631E-5
-1.6484E-4
2.8571E-4
1.0702E-4
-1.0592E-4
1.0141E-3
-8.4639E-6
-8.3804E-5
-3.6687E-5
-7.0065E-5
8.6367E-4
-1.2696E-4
-1.4120E-4
-2.3752E-5
-4.1693E-5
-8.6129E-6
1.3262E-4
1.7759E-4
7.9760E-4
8.7619E-6
8.8859E-4
1.2076E-4
1.1447E-4
9.6172E-5
1.9073E-6
3.7897E-4
4.1732E-4
1.1989E-4
2.5675E-4
-1.7506E-4
4.1759E-4
-1.6254E-4
-6.4284E-5
5.0366E-6
-1.6361E-5
1.0254E-3
-4.8280E-5
2.5243E-4
2.3186E-5
-3.9339E-5
-4.4703E-6
1.0204E-4
1.1805E-4
-5.3555E-5
2.7150E-4
3.1456E-4
-7.6830E-5
1.7825E-4
6.2674E-5
-7.2062E-5
-1.1000E-4
-2.7028E-4
-3.8317E-4
-2.2048E-4
-2.1350E-4
-2.4524E-4
-1.9956E-4
-3.0002E-4
2.0498E-4
-4.6483E-4
9.8318E-5
-7.7814E-5
-3.2583E-4
-3.0637E-4
6.8706E-4
-1.6361E-4
9.0230E-4
1.6052E-4
1.5050E-5
-3.1999E-4
-9.4920E-5
1.0235E-3
-3.4666E-4
-6.2406E-5
-2.1499E-4
1.3862E-3
1.4676E-3
2.0766E-4
7.6413E-5
1.9494E-4
-6.1989E-6
-3.3259E-5
8.8993E-4
8.7735E-4
1.9583E-4
1.8060E-4
8.6156E-4
1.1533E-5
-6.8307E-5
2.4655E-4
-1.8641E-4
-1.1638E-4
-5.4836E-5
1.1967E-3
6.8569E-4
1.1111E-3
-2.2283E-4
-1.8421E-4
1.2423E-3
3.0100E-6
4.8161E-5
8.3405E-4
3.7944E-4
5.7459E-5
-1.8430E-4
-1.7315E-5
-1.1590E-4
5.8338E-4
-9.5576E-5
6.2197E-5
-1.8278E-4
-1.2264E-4
1.2794E-4
-6.4075E-5
1.1355E-4
-1.8412E-4
-2.1273E-4
-1.3620E-5
-3.0100E-5
3.0246E-4
1.8528E-4
-8.2195E-5
4.9204E-5
-3.3945E-5
2.1842E-4
5.9187E-5
1.8638E-4
1.0776E-3
-1.6928E-5
4.6372E-5
7.4476E-5
6.1959E-5
1.2138E-3
2.2829E-5
2.4182E-4
9.8407E-5
-4.1723E-6
3.0100E-5
1.5697E-4
-1.0461E-4
-1.2237E-4
-1.9127E-4
2.9603E-4
-4.5151E-5
2.2051E-4
2.0301E-4
2.5243E-5
2.0504E-5
3.2693E-5
1.2222E-4
2.0263E-4
9.3371E-5
1.1453E-4
-1.8051E-4
-2.3603E-5
4.1002E-4
1.3024E-5
1.0134E-3
1.1265E-5
5.4568E-5
7.6592E-5
1.2600E-3
9.5338E-5
-5.2869E-5
-5.1290E-5
-1.0756E-4
1.2845E-5
-2.7704E-4
1.9789E-5
-1.6958E-4
-8.4817E-5
-8.6099E-5
-4.9472E-6
-2.1130E-5
-2.5263E-4
1.5825E-5
3.7819E-5
5.2154E-6
-3.4213E-5
2.0409E-4
1.1793E-4
-2.5004E-4
9.7781E-5
1.1602E-4
-5.2869E-5
-1.4871E-4
5.1767E-5
1.1215E-4
-5.0008E-5
-3.0789E-4
-7.6354E-5
-2.7001E-5
1.5017E-4
1.8945E-4
-7.0065E-5
5.6922E-6
1.0058E-4
-2.6011E-4
-2.2471E-5
2.4265E-4
1.2535E-4
-2.3520E-4
1.0878E-5
9.2179E-5
1.2148E-3
-2.2322E-5
-6.1542E-5
-1.5575E-4
-4.6730E-5
-4.2915E-6
-7.0184E-5
1.9908E-5
5.5313E-5
2.9594E-5
6.5702E-4
7.9307E-4
-1.5736E-5
5.4866E-5
4.9114E-5
8.1992E-4
8.0407E-5
2.5123E-4
2.6664E-4
1.1285E-3
1.0840E-3
5.7462E-4
9.1046E-4
9.3082E-4
-1.3888E-5
-1.4606E-4
5.8264E-5
-7.9274E-6
-3.8314E-4
-3.4273E-5
-1.2395E-4
-7.6056E-5
3.8296E-5
-8.2672E-5
7.4148E-5
-7.5758E-5
-2.5913E-4
3.9339E-6
9.7632E-5
2.8700E-5
2.2292E-5
1.8287E-4
8.1220E-4
5.7983E-4
-7.9006E-5
3.9130E-5
1.0592E-4
9.7600E-4
2.1371E-4
3.4750E-5
1.7089E-4
-8.5592E-5
1.6004E-4
3.4392E-5
2.4244E-4
7.2452E-4
-3.5316E-5
9.0843E-4
4.5678E-4
-2.0170E-4
-7.3195E-5
-2.4930E-4
-7.9989E-5
-9.3281E-5
2.1160E-6
1.1559E-3
-3.2425E-5
-1.7178E-4
-8.5920E-5
-1.7682E-4
-1.0908E-4
1.0437E-4
-4.1723E-6
1.1355E-5
8.0854E-4
-3.7909E-5
8.4221E-5
3.2812E-5
8.0943E-5
3.5670E-4
-1.3050E-4
2.4527E-4
6.8277E-5
-1.0103E-5
2.1899E-4
1.0642E-3
4.5002E-5
5.8621E-5
1.6603E-4
-3.5033E-4
1.6659E-5
-1.6332E-5
3.3647E-5
1.7971E-5
-2.1219E-5
2.1291E-4
-8.7589E-5
6.9022E-5
-1.0088E-4
1.3114E-3
9.2673E-4
1.1921E-4
2.7487E-4
1.0777E-3
2.8276E-4
3.4809E-5
7.9274E-5
1.0894E-3
1.0795E-3
-1.9360E-4
2.2048E-4
8.8117E-4
1.0341E-5
3.7485E-4
6.4561E-4
-3.0240E-4
-4.0442E-4
-4.6921E-4
-2.4554E-4
-1.1611E-4
-5.5280E-4
-2.1869E-4
7.1207E-4
-9.3311E-5
1.5993E-3
-2.8768E-4
-1.9154E-4
-8.1837E-5
1.2573E-3
-3.5891E-4
-4.1932E-4
-4.8336E-4
-3.3090E-4
-2.7123E-4
4.0060E-4
5.5847E-4
4.4405E-6
-2.0841E-4
-3.5462E-4
8.3837E-4
4.6760E-5
-3.1549E-4
-2.5174E-4
-2.4080E-5
2.3410E-4
4.7067E-4
1.1395E-3
-2.5740E-4
3.3462E-4
-7.0781E-5
9.0328E-4
1.3400E-3
-3.6040E-4
-2.7129E-4
-6.0380E-5
-1.2219E-4
-3.8013E-4
-5.0309E-4
-2.2489E-4
-2.3976E-4
-1.3086E-4
9.6977E-5
-2.0939E-4
1.9851E-4
4.0200E-4
-1.6391E-4
2.4691E-4
-2.1684E-4
1.1495E-3
-4.2117E-4
2.5156E-4
2.8136E-4
-8.2046E-5
-3.3659E-4
-5.9754E-5
-2.7567E-5
4.9770E-6
-1.2708E-4
8.3923E-5
1.4693E-5
1.0044E-3
4.1550E-4
3.0994E-5
-1.7646E-4
-3.5107E-5
2.3779E-4
2.0140E-4
-4.5794E-4
-1.4657E-4
5.5587E-4
-1.4153E-4
2.8372E-4
-5.6565E-5
-5.2512E-5
-1.6364E-4
1.0279E-4
-8.0466E-6
9.6497E-4
1.1349E-4
-8.9377E-5
2.5630E-6
-3.6150E-5
4.4087E-4
-3.0547E-5
-7.5817E-5
9.1907E-4
1.0094E-4
2.5868E-5
-1.5599E-4
7.7873E-4
1.1711E-3
-2.8089E-4
-7.4208E-6
-4.7445E-5
5.8025E-5
1.2916E-4
4.8250E-5
2.5237E-4
-8.4251E-5
1.2055E-3
-4.1157E-5
-1.7911E-5
8.0612E-4
-7.4327E-5
-1.5801E-4
-1.2356E-4
5.2840E-5
1.1444E-4
-1.5959E-4
2.6375E-5
1.1942E-3
1.1008E-3
1.1220E-3
6.1634E-4
2.7716E-5
-1.9491E-5
1.1695E-3
-3.4124E-5
4.4733E-5
-8.9049E-5
1.2177E-3
8.6147E-4
-6.3986E-5
1.0612E-3
-1.6761E-4
8.6802E-4
9.9778E-5
-5.2899E-5
7.1907E-4
1.0478E-4
1.0555E-3
-1.0154E-4
5.1528E-5
5.6663E-4
1.1508E-3
-2.3988E-4
3.5077E-5
-9.0480E-5
-2.4348E-4
7.2056E-4
-2.8938E-5
-9.5904E-5
-2.6122E-4
-2.0072E-4
-1.9929E-4
3.6061E-5
5.7429E-5
-1.2457E-5
1.8185E-4
7.6890E-6
-3.0696E-5
9.9033E-5
1.9073E-5
-3.7253E-5
7.7784E-6
-2.3186E-4
3.2297E-4
7.0390E-4
1.3104E-4
6.6265E-4
4.1354E-4
1.0172E-4
1.6239E-4
-1.7810E-4
-1.3313E-4
-1.1209E-4
5.3498E-4
1.0052E-4
-8.9526E-5
-8.2493E-5
6.6105E-4
5.6082E-4
6.9886E-5
8.5327E-4
3.0994E-5
6.0052E-4
1.6266E-4
-7.8022E-5
9.0852E-4
8.6501E-4
1.6093E-6
4.0531E-6
-1.8811E-4
-9.9003E-5
5.7685E-4
-5.0515E-5
7.6273E-4
-7.6473E-5
5.2452E-5
1.8179E-5
4.7803E-4
-1.9091E-4
-1.7577E-4
-5.1290E-5
1.6838E-4
4.4811E-4
1.5414E-4
7.2250E-4
-1.2317E-4
-1.1817E-4
-7.1108E-5
-2.1905E-5
1.4693E-5
-1.1081E-4
-4.6521E-5
7.5996E-6
1.5101E-4
-1.2729E-4
-2.3028E-4
-2.3395E-5
-1.7348E-4
7.4786E-4
4.4733E-5
-3.9667E-5
-2.3797E-4
-8.8453E-5
3.1611E-4
-2.9624E-5
-3.5316E-5
1.1507E-4
8.6099E-5
9.2983E-5
-8.2791E-5
1.4892E-4
1.0480E-3
1.9756E-4
6.5118E-5
1.0175E-3
1.1241E-4
1.7899E-4
-1.8424E-4
-5.8353E-5
2.0713E-5
3.0228E-4
1.1218E-4
-3.7205E-4
-1.0696E-4
1.4523E-4
8.3199E-4
-8.6546E-5
3.1880E-4
-2.1517E-5
-2.2468E-4
-1.9673E-4
-6.6191E-5
6.1676E-4
1.1387E-4
3.5524E-5
4.0829E-5
-9.2387E-7
3.7968E-5
3.8058E-5
-5.7012E-5
1.7035E-4
-5.5224E-5
7.5173E-4
-8.5622E-5
2.3067E-5
-1.3301E-4
1.0201E-4
2.0617E-4
3.5083E-4
-8.0645E-5
1.1441E-4
-4.1783E-5
9.0346E-4
1.3560E-4
-1.3086E-4
-5.4926E-5
1.9178E-4
-2.8282E-5
1.0866E-3
1.7393E-4
1.4853E-4
2.9168E-4
1.5080E-4
-5.2035E-5
2.3246E-5
-9.4771E-6
-1.0368E-4
-3.1471E-5
5.7697E-5
-2.1040E-5
-1.2138E-4
8.0013E-4
-2.0865E-4
6.4850E-5
6.6376E-4
1.6865E-4
9.8079E-5
4.1902E-5
1.7455E-4
-1.3676E-4
4.4763E-5
1.3617E-4
3.5405E-5
9.3761E-4
1.1205E-3
1.1228E-3
-1.8007E-4
1.0744E-3
-8.1092E-5
6.6221E-5
-4.0323E-5
2.3037E-5
1.2040E-5
-2.1964E-5
3.5825E-4
4.0442E-5
-6.1154E-5
1.3355E-3
1.0604E-3
-1.8689E-4
7.9900E-5
-1.4105E-4
1.0218E-3
8.6030E-4
-7.6890E-6
-1.5438E-5
2.4706E-5
6.6817E-5
-5.1260E-6
-1.0082E-4
-1.7431E-4
6.8098E-5
2.6214E-4
6.4886E-4
6.0827E-5
4.5806E-5
2.0930E-4
1.0383E-4
-6.7681E-5
-2.0355E-5
1.4073E-4
1.2596E-3
-5.6922E-6
-5.4777E-5
6.9052E-5
7.1585E-5
1.3891E-3
1.5888E-4
-1.9974E-4
3.9101E-5
1.1873E-3
1.4533E-3
6.8784E-5
-1.3441E-4
8.4609E-5
8.2940E-5
1.3137E-4
-2.1186E-4
4.6015E-5
-6.6370E-5
1.1942E-3
1.0787E-3
-1.0040E-4
-2.2054E-5
2.7031E-5
1.0124E-3
-1.7399E-4
1.1731E-3
4.4999E-4
-4.8220E-5
-1.8674E-4
-1.7586E-4
2.6703E-5
6.4850E-5
1.1086E-5
1.2356E-4
5.1141E-5
2.0936E-4
-1.3009E-4
-4.7088E-6
6.6808E-4
7.9393E-5
2.0647E-4
5.6982E-5
2.1535E-4
1.9288E-4
-1.5092E-4
1.6314E-4
9.7963E-4
-3.5143E-4
6.1154E-5
1.3331E-4
-4.1494E-4
8.7324E-4
-2.8908E-5
-1.1149E-4
-2.7716E-5
3.8892E-5
1.8492E-4
-6.5446E-5
-2.3583E-4
1.4448E-4
-1.2228E-4
2.2799E-5
-3.0220E-5
6.5893E-5
1.4687E-4
-1.1143E-4
1.1984E-4
-8.4758E-5
3.3289E-4
-5.9068E-5
-4.7594E-5
1.1902E-3
-8.8781E-5
7.0572E-5
8.5831E-5
-1.9586E-4
2.7001E-5
3.8445E-6
-3.0702E-4
-1.8239E-5
8.7798E-5
-1.0294E-4
-1.2472E-4
-5.2899E-5
1.3857E-3
-8.2195E-5
1.2869E-4
8.3536E-5
-4.4227E-5
9.1875E-4
-1.4660E-4
8.0696E-4
-2.8330E-4
2.8211E-4
7.2718E-6
1.2739E-3
9.4247E-4
1.2955E-4
2.6315E-5
1.4499E-3
-2.3091E-4
-6.2585E-7
1.3205E-3
-1.5616E-5
-2.2224E-4
-8.7887E-5
-8.8513E-5
1.5566E-4
3.4142E-4
3.6955E-6
-4.5362E-4
3.3128E-4
6.9308E-4
4.5791E-4
1.7127E-4
-1.7238E-4
7.0840E-5
-2.1997E-4
1.0955E-4
1.8422E-3
-7.8857E-5
-1.3700E-4
-1.5783E-4
7.6383E-5
3.9518E-5
1.3411E-6
-5.0366E-6
7.7516E-4
1.5083E-4
9.3329E-4
-2.4390E-4
1.0195E-3
5.2691E-5
1.8895E-5
-7.6950E-5
-4.9084E-5
2.3058E-4
-6.7860E-5
8.1629E-5
-1.1989E-4
3.1319E-4
2.0236E-5
-1.9994E-4
-9.7573E-5
-2.4259E-5
4.9263E-5
4.7773E-4
6.6042E-5
6.1724E-4
-1.5169E-4
-7.4059E-5
-4.6253E-5
5.2035E-5
-1.7703E-5
1.7837E-4
-2.3246E-5
-1.2743E-4
-5.8413E-6
5.5256E-4
6.5476E-5
6.3303E-4
-1.5140E-5
1.2141E-4
7.4631E-4
8.3822E-4
-9.6589E-5
-6.8873E-5
-1.5253E-4
1.2463E-4
-2.4807E-4
-1.2270E-4
6.0925E-4
1.4395E-5
5.0533E-4
-2.3532E-4
5.3406E-5
-2.2739E-4
-6.9916E-5
4.6760E-4
6.7443E-5
6.9335E-4
-8.4460E-5
-1.4523E-4
8.2305E-4
5.3433E-4
8.4335E-4
-1.6060E-4
-1.6120E-4
-4.4852E-5
1.0044E-3
-1.8471E-4
8.1921E-4
-3.2693E-5
-3.1292E-6
-4.4346E-5
1.4079E-4
1.4812E-5
-6.6221E-5
-9.9003E-5
9.3639E-5
1.1125E-4
-8.0496E-5
9.9361E-4
-1.3897E-4
-1.3411E-4
-2.6211E-4
-1.4091E-4
1.7017E-5
-4.5747E-5
-6.5237E-5
-2.2465E-4
-2.3639E-4
-1.2311E-4
6.8039E-5
1.8182E-4
5.4529E-4
-1.3569E-4
-6.5655E-5
-2.6256E-5
-3.6010E-4
1.9780E-4
-2.9796E-4
-1.5631E-4
-3.3954E-4
-2.1106E-4
1.4910E-4
-1.7977E-4
3.7220E-4
1.2177E-4
5.6148E-5
-8.2850E-6
-5.2005E-5
-1.5998E-4
7.2491E-4
-1.5029E-4
-7.1526E-7
8.3447E-7
2.7597E-5
-2.3723E-5
1.3339E-3
1.0294E-4
2.9087E-5
6.5506E-5
1.0243E-4
7.0900E-5
5.3167E-5
1.5965E-4
-1.1161E-4
8.3819E-4
8.9097E-4
-6.2227E-5
-5.8055E-5
3.3498E-5
-4.5866E-5
3.0637E-5
9.3392E-4
2.6715E-4
1.2165E-4
1.2596E-3
4.1097E-5
-1.2207E-4
-2.4050E-5
-3.1349E-4
-1.0830E-4
4.1419E-4
-1.5169E-5
1.8466E-4
-3.5554E-5
8.2555E-4
-1.3024E-5
-4.2468E-5
1.7565E-4
7.8976E-6
1.0043E-4
-1.5548E-4
-1.4660E-4
9.6798E-5
1.2729E-4
-3.7462E-5
-3.3140E-5
1.1257E-3
7.8201E-5
5.5760E-5
-4.1425E-5
-8.6963E-5
1.0258E-3
-6.8307E-5
5.8293E-5
6.1661E-5
-2.3037E-5
4.1667E-4
-8.7053E-5
6.7532E-5
5.2750E-6
-1.6642E-4
-7.4476E-5
-1.6481E-4
-9.7990E-5
-1.5053E-4
-5.6922E-5
5.3644E-6
2.2650E-5
-5.7459E-5
-2.6822E-7
-5.0366E-5
1.4238E-3
-5.7936E-5
-6.4254E-5
-2.9713E-5
1.0034E-3
5.9307E-6
5.1561E-4
-1.5736E-5
-4.7773E-5
8.6126E-4
2.8694E-4
-2.2858E-5
-2.2995E-4
-2.2364E-4
1.1719E-3
-1.5020E-5
1.1864E-4
7.9602E-5
1.9956E-4
9.4485E-4
1.2587E-3
-1.3229E-4
9.9838E-6
-7.0840E-5
1.8400E-4
7.4655E-4
1.2316E-3
-1.1435E-4
5.7280E-5
9.3102E-4
-1.2398E-4
5.4151E-5
-4.0072E-4
5.6028E-5
2.3305E-5
-1.3375E-4
1.9357E-4
-3.9637E-5
-6.7443E-5
4.7773E-5
2.1458E-6
-1.9968E-6
-1.1984E-4
2.5809E-5
1.1199E-3
1.2011E-3
8.5860E-5
-4.2558E-5
3.7789E-5
1.3310E-4
2.7090E-5
1.1279E-3
2.8908E-6
4.7833E-5
-4.9800E-5
2.2531E-5
9.6291E-5
-1.9073E-5
-1.3950E-4
-1.8108E-4
3.4511E-5
-6.8545E-5
9.6947E-5
-5.2184E-5
-1.1083E-4
-1.7285E-6
1.2488E-3
2.0862E-7
-9.0241E-5
-1.5530E-4
2.1413E-4
8.7887E-5
-7.4297E-5
-1.5542E-4
4.1902E-5
1.0491E-3
9.3162E-4
9.4721E-4
-4.1127E-5
9.6202E-5
1.1414E-4
-1.3396E-4
9.6560E-5
1.1116E-5
-3.7581E-5
-1.0568E-4
-1.0487E-4
2.2259E-4
-7.8112E-5
1.4545E-3
-4.5419E-5
1.0530E-3
-4.0770E-5
-1.6811E-4
-5.5045E-5
-4.6015E-5
4.5449E-5
-2.5728E-4
-4.2796E-5
4.7469E-4
6.1506E-4
8.2016E-4
-1.4633E-5
1.1766E-4
9.9254E-4
-3.7462E-5
1.2219E-6
-3.5167E-6
-1.8001E-5
2.5019E-4
-6.3449E-5
7.0095E-5
1.0177E-4
-1.0765E-4
1.6928E-5
-2.0862E-6
-9.3311E-5
3.9917E-4
-2.5976E-4
2.1258E-4
-1.5110E-5
1.0473E-3
4.1962E-4
1.9968E-5
9.2566E-5
1.2487E-5
1.0815E-4
4.6819E-5
-5.3972E-5
-9.0897E-5
-9.3430E-5
-1.9073E-4
-1.6221E-4
-1.9917E-4
-1.6868E-4
-6.0111E-5
-1.1629E-4
5.5560E-4
7.8556E-4
-1.6272E-5
1.0014E-4
1.2614E-3
8.4400E-5
-3.9876E-5
-8.6725E-6
5.3823E-5
1.2425E-4
9.3251E-5
2.2927E-4
3.1826E-4
1.1083E-4
5.6028E-5
5.4419E-5
2.0534E-5
1.1573E-3
5.9187E-5
-1.2931E-4
1.3030E-4
1.2333E-3
-7.3612E-6
2.1702E-4
-2.6494E-5
-1.9073E-5
-3.3891E-4
-2.7910E-4
-1.2985E-4
8.3205E-4
1.2982E-3
1.1703E-4
1.3661E-4
-1.3646E-4
8.1241E-5
1.5852E-4
4.2140E-4
1.3585E-3
6.8516E-5
2.2352E-6
9.2536E-5
1.3986E-4
5.3614E-5
8.2350E-4
-1.0312E-4
-9.9421E-5
-4.2856E-5
3.0580E-4
9.0301E-5
-6.4224E-5
2.3636E-4
9.7871E-5
-1.4901E-6
-3.4094E-5
4.5756E-4
8.2961E-4
-1.3825E-4
9.4858E-4
1.0002E-3
-2.2158E-4
3.9348E-4
2.2054E-5
1.7464E-5
3.2336E-5
1.1203E-4
7.0840E-5
-1.0937E-4
-7.8201E-5
-5.2631E-5
-1.4466E-4
5.6148E-4
-7.5459E-5
2.7478E-5
3.9369E-5
-8.2105E-5
-4.7714E-5
5.2503E-4
8.1345E-4
8.2850E-6
-1.2097E-4
-9.5695E-5
-3.3614E-4
-6.3896E-5
6.9904E-4
-2.0304E-4
1.5131E-4
7.1585E-5
-1.7124E-4
4.2105E-4
1.2058E-4
-2.3901E-4
-1.5667E-4
6.3750E-4
-1.3563E-4
1.0321E-3
-3.2097E-5
6.8223E-4
1.4341E-4
8.2541E-4
1.6832E-4
3.6597E-5
1.3122E-4
1.1185E-4
-1.2624E-4
7.5907E-5
-4.0382E-5
7.3433E-5
6.6674E-4
-2.9385E-5
4.0323E-5
1.0377E-3
8.4907E-5
5.2008E-4
1.1790E-4
2.8193E-5
1.1364E-3
8.3476E-5
1.0216E-3
0.0000E+0
-1.9231E-4
-7.7516E-5
5.9813E-5
7.2360E-5
5.9366E-5
1.0169E-4
-8.1360E-6
1.6356E-4
-8.2761E-5
9.3314E-4
-9.3967E-5
8.3447E-5
1.6844E-4
-5.5730E-6
3.1930E-4
3.4213E-5
6.2257E-5
-1.1930E-4
-1.5822E-4
3.3242E-4
-5.7131E-5
-6.3360E-5
-7.7575E-5
-1.8871E-4
9.2709E-4
-8.1092E-5
7.4187E-4
1.2419E-4
8.3357E-5
2.0385E-5
-1.7491E-4
3.3468E-5
-4.0412E-5
-4.2230E-5
4.8876E-5
9.7573E-5
-4.6700E-5
-3.7462E-5
-1.1098E-4
1.5378E-5
1.4991E-4
-1.3083E-5
9.3639E-5
2.8163E-5
-8.3655E-5
7.8025E-4
4.8280E-5
-1.4123E-4
5.6654E-4
-2.5666E-4
8.8632E-5
1.5911E-4
-1.0252E-4
-1.6627E-4
1.2457E-5
4.7177E-5
-7.3731E-5
3.5751E-4
1.7080E-4
-1.2073E-4
-1.5110E-5
6.9737E-6
9.2024E-4
1.0818E-5
2.8253E-5
-3.1412E-5
-5.0902E-5
-1.2285E-4
6.0827E-5
-1.4520E-4
2.4635E-4
1.5682E-4
4.6372E-4
6.5506E-5
9.8020E-5
-2.2879E-4
7.2932E-4
9.6083E-5
5.7846E-5
9.5251E-4
-9.9391E-5
2.7865E-5
-3.4392E-5
-1.3074E-4
-1.3813E-4
1.1830E-3
4.6164E-5
-8.6695E-5
-1.1206E-5
-1.4177E-4
-1.3402E-4
-9.6828E-5
-3.7342E-5
-1.6895E-4
-6.9022E-5
2.2948E-5
-6.5356E-5
-5.2363E-5
7.3075E-5
8.4138E-4
-2.6911E-5
1.0748E-3
-2.3285E-4
6.3086E-4
-3.5763E-6
-1.5485E-4
1.0544E-4
9.5338E-5
-6.9946E-5
-8.5294E-5
-1.2064E-4
-1.6755E-4
1.6987E-5
-1.0148E-4
-5.1528E-5
4.9829E-5
-4.7386E-5
2.6757E-4
8.3029E-5
-1.3509E-4
-3.0497E-4
-4.5517E-4
-2.3544E-4
-2.5034E-6
1.0273E-4
3.3230E-5
-1.2296E-4
-8.1390E-5
6.7443E-4
-2.1338E-4
7.0810E-5
1.0633E-3
2.2143E-5
6.8486E-5
1.3503E-4
-8.1927E-5
-1.5348E-4
6.4671E-6
7.5299E-4
-2.4933E-4
-1.2419E-4
-6.1452E-5
2.9236E-5
1.7253E-4
1.0973E-4
-9.0599E-5
-1.9014E-4
-4.5598E-5
-1.2755E-5
7.7188E-6
-2.1398E-4
1.0705E-4
9.4742E-5
-7.2092E-5
-2.4509E-4
1.1387E-4
-1.9729E-5
1.3216E-3
1.3988E-3
-1.6850E-4
-7.4804E-6
-1.5604E-4
-2.2614E-4
-1.6153E-5
1.6642E-4
6.9797E-5
9.2864E-5
-3.6836E-5
8.0168E-4
7.7969E-4
-1.0288E-4
1.1501E-4
1.5049E-3
1.5447E-4
8.8960E-5
1.0672E-4
-1.8346E-4
2.0504E-5
-1.1486E-4
2.7478E-5
1.4910E-4
1.5584E-4
-1.1483E-4
6.1750E-5
-7.2420E-6
4.5031E-5
1.2723E-4
8.7732E-4
4.7952E-5
8.0502E-4
4.5598E-6
-8.3715E-5
-1.1465E-4
-4.1455E-5
6.1065E-5
-4.7326E-5
-2.9743E-5
1.3315E-3
-2.1270E-4
1.9982E-4
-1.6719E-4
-1.3164E-4
-5.1498E-5
2.4796E-5
-1.5748E-4
1.5616E-5
7.8976E-6
-1.8892E-4
7.5963E-4
-4.7207E-5
-5.8323E-5
8.7410E-5
-6.3598E-5
-1.0338E-4
-1.1921E-7
1.3837E-4
-1.2246E-4
-5.8204E-5
4.1753E-5
1.1587E-4
1.2497E-3
9.5367E-7
2.0102E-4
1.7744E-4
9.4604E-4
-3.0023E-4
2.2683E-4
1.2963E-3
8.3387E-5
-1.4216E-5
2.2110E-4
2.1297E-4
-5.6833E-5
5.9724E-4
6.5118E-5
9.9489E-4
4.6879E-5
-3.2872E-5
-1.7524E-5
3.4153E-5
6.3223E-4
-1.1149E-4
1.0313E-3
-1.1614E-4
-1.7837E-4
5.8523E-4
3.4210E-4
1.3557E-4
-1.7852E-5
5.3376E-5
-3.6258E-4
-4.7714E-5
9.0107E-4
-1.2952E-4
1.9312E-5
3.0816E-5
1.3500E-5
-2.8253E-5
-9.7096E-5
-1.4898E-4
-1.9670E-5
-8.0317E-5
-9.6917E-5
-2.7829E-4
1.1579E-3
-6.1035E-5
-7.4565E-5
8.7187E-4
-3.7518E-4
-1.9482E-4
-1.8892E-4
-2.3973E-4
-5.5015E-5
1.9848E-5
-6.7174E-5
-1.1754E-4
-1.3423E-4
7.8782E-4
8.9809E-4
-6.2287E-6
1.1981E-3
-1.0297E-4
-3.0243E-4
1.3235E-4
-1.0854E-4
-1.9231E-4
1.3881E-3
1.1074E-3
1.0428E-3
9.2152E-4
6.3491E-4
3.0190E-5
-5.5581E-5
7.1406E-5
-3.5286E-5
-4.2915E-6
5.1171E-5
5.5671E-5
1.4836E-4
-2.5958E-5
6.4492E-5
3.5554E-5
3.2002E-4
8.3572E-4
-1.0252E-5
1.4007E-6
8.3947E-4
-1.1796E-4
-2.9862E-4
-3.4481E-5
-2.9251E-4
-6.6340E-5
-7.8678E-6
-1.6046E-4
1.2198E-4
-3.3498E-5
3.2979E-4
-1.3268E-4
1.0949E-4
8.6457E-5
1.4985E-4
-1.1057E-5
-3.8189E-4
2.2253E-4
1.0562E-4
3.7670E-4
-1.9652E-4
3.2455E-5
-1.8322E-4
2.9087E-5
-6.1393E-5
-7.3731E-5
4.3511E-5
-2.7657E-5
-1.7381E-4
3.8218E-4
1.0522E-3
1.2862E-3
9.5969E-4
1.1219E-3
5.0843E-5
7.7873E-5
-2.1905E-5
-4.8965E-5
-3.0994E-6
-4.8250E-5
1.0744E-4
5.9903E-6
3.3462E-4
-1.6522E-4
-8.7798E-5
9.2438E-4
-2.0221E-4
-2.0021E-4
-5.6952E-5
2.8786E-4
3.9697E-4
-1.8767E-4
1.6350E-4
9.1761E-5
-9.0212E-5
-2.0316E-4
1.2815E-6
6.3947E-4
-7.4685E-5
5.6624E-6
8.0794E-4
7.8648E-5
6.2138E-5
-3.2306E-5
6.1601E-5
7.4059E-5
4.7714E-5
8.6695E-4
-4.3839E-5
2.1470E-4
4.7088E-6
-8.3953E-5
-1.7294E-4
-9.0599E-6
2.2113E-4
-6.7711E-5
-1.5908E-4
1.0179E-3
1.8400E-4
6.1148E-4
-1.7160E-4
3.2455E-5
-1.5417E-4
-1.5360E-4
1.3074E-3
2.6733E-5
-1.6740E-4
-1.3575E-4
1.1290E-3
-2.1517E-5
8.0377E-5
-3.4899E-5
1.1230E-4
9.9620E-4
-1.3560E-4
7.1645E-5
-1.3569E-4
-1.6779E-5
-7.9572E-5
2.2265E-4
-1.1367E-4
-7.4953E-5
-6.5863E-6
-7.1883E-5
1.5041E-4
-1.3131E-4
7.0035E-6
-1.4961E-5
-1.1575E-4
1.6299E-4
-7.5161E-5
-1.5277E-4
-2.5600E-5
-1.3334E-4
-1.3030E-4
2.0957E-4
1.1500E-3
1.1790E-3
3.2604E-5
-1.2040E-5
-6.7711E-5
-4.8399E-5
6.9022E-5
1.0164E-3
-2.5332E-5
7.0605E-4
-2.2179E-4
4.8488E-5
-2.2739E-5
3.2973E-4
-1.2815E-5
3.7998E-5
1.7947E-4
1.1172E-3
2.5153E-5
6.4343E-5
1.0526E-4
7.6532E-5
-4.5598E-6
7.8735E-4
-1.2007E-4
-4.2617E-6
-9.9808E-5
-5.5403E-5
1.7941E-5
-1.5268E-4
1.3242E-3
1.0731E-3
6.5565E-6
-4.4107E-5
-1.4248E-4
1.7729E-4
-1.4687E-4
1.5375E-4
-4.2915E-5
1.1344E-3
1.1015E-3
-1.9610E-5
-4.2617E-6
-8.2016E-5
-8.4698E-5
-5.0217E-5
5.3644E-6
1.1222E-3
-1.1799E-4
-3.8281E-4
9.4056E-5
1.4150E-4
1.7774E-4
7.0068E-4
9.2953E-5
7.7695E-5
-1.8629E-4
-1.5885E-5
-2.1935E-5
9.1720E-4
1.3009E-4
2.2066E-4
4.9090E-4
5.0664E-7
-1.0175E-4
3.2523E-4
-9.0808E-5
9.0241E-5
5.7009E-4
-4.1932E-5
1.2144E-3
4.2200E-5
-1.7881E-7
-5.0664E-7
7.0244E-5
1.0186E-3
-1.0371E-5
-8.1122E-5
7.2986E-5
1.1042E-4
-1.0857E-4
1.0148E-4
1.2954E-3
-5.8711E-5
9.6825E-4
1.3891E-4
1.1116E-4
2.6327E-4
4.0710E-5
1.0699E-5
1.2955E-4
1.0269E-3
-1.9252E-5
1.6567E-4
9.8532E-4
1.2380E-4
7.0924E-4
4.9919E-5
-5.5611E-5
1.2332E-3
1.4475E-4
-1.0762E-4
-2.6581E-4
8.7911E-4
3.0696E-5
-5.7906E-5
7.4297E-5
1.3240E-3
3.9518E-5
9.9331E-5
-8.3178E-5
-2.1815E-4
-3.2949E-4
-3.8862E-5
-4.6045E-5
-2.3854E-4
1.2461E-3
-1.1647E-4
-1.0380E-4
-1.7095E-4
-3.6436E-4
-9.1940E-5
-1.9658E-4
-1.7333E-4
-2.1142E-4
5.6905E-4
1.6990E-4
8.3128E-4
-1.3965E-4
1.4940E-4
7.2688E-4
8.1807E-5
-1.7101E-4
-1.7291E-4
9.2506E-5
2.7698E-4
1.0639E-4
1.1379E-4
1.5214E-4
-3.7253E-5
9.1076E-5
-2.8908E-5
-9.4891E-5
3.4779E-5
4.5657E-5
4.7940E-4
6.4373E-6
2.0355E-5
1.0675E-4
-8.4400E-5
1.7881E-5
-2.4587E-5
-8.5533E-5
4.2647E-5
2.6968E-4
1.0237E-4
8.9258E-5
7.6172E-4
3.6183E-4
1.1918E-4
8.8257E-4
1.7533E-4
9.8705E-5
2.0382E-4
-9.7632E-5
3.2783E-7
-6.5416E-5
3.6353E-4
4.5255E-4
4.3988E-5
1.4466E-4
6.8057E-4
8.2257E-4
-5.5641E-5
6.6730E-4
-6.2108E-5
1.3751E-4
-1.0428E-4
-9.2685E-6
-1.3620E-5
4.5329E-5
1.6454E-4
4.4197E-5
1.0327E-3
9.3135E-4
-1.3831E-4
1.0695E-3
1.0121E-4
-1.4588E-4
9.9331E-5
9.3672E-4
-7.0691E-5
5.8383E-4
7.0840E-5
4.7827E-4
5.0008E-5
-2.2024E-5
1.0431E-6
-1.5688E-4
8.3613E-4
-1.1665E-4
-3.1084E-5
-2.3544E-6
-2.7180E-5
9.6858E-6
8.7869E-4
7.6273E-4
-1.0127E-4
-1.7419E-4
1.1157E-3
-8.5294E-5
-8.5890E-5
1.9789E-4
4.2707E-5
2.5094E-4
7.8529E-5
-1.6603E-4
-2.9117E-5
3.3027E-4
7.7784E-5
1.3383E-3
2.6524E-5
-1.9968E-5
1.1553E-3
1.9449E-4
2.6640E-4
-6.0111E-5
1.4540E-3
1.5619E-4
9.6709E-5
9.4295E-5
1.4660E-4
-2.0751E-4
-4.5985E-5
1.0699E-5
3.8505E-5
-3.5912E-5
2.3842E-5
-4.2588E-5
1.6358E-4
-4.6402E-5
1.1826E-4
-1.8075E-4
-9.4593E-5
8.9377E-5
-6.8814E-5
4.3869E-5
3.9190E-5
1.1128E-4
2.6405E-5
7.3552E-5
8.1125E-4
1.2504E-3
2.0176E-4
-3.8385E-5
6.0320E-5
1.2517E-5
-3.0845E-5
2.4438E-5
-7.6532E-5
1.2459E-3
1.2100E-5
1.0354E-3
5.4657E-5
-1.8370E-4
1.6034E-5
2.4807E-4
1.4359E-4
-4.5866E-5
1.4603E-6
-1.4299E-4
1.4809E-4
1.1021E-3
8.5860E-5
1.4506E-3
-6.9559E-5
-7.0155E-5
-1.0005E-4
-1.2618E-4
1.0480E-3
2.2820E-4
7.0235E-4
-3.0071E-5
-1.0222E-4
2.0683E-5
-1.1942E-4
1.0878E-5
1.4779E-4
3.5435E-5
1.0929E-4
7.0959E-5
-1.7077E-4
1.5476E-4
5.0724E-5
-1.7115E-4
-5.9992E-5
1.8597E-5
-4.4703E-6
9.8506E-4
3.8683E-5
-1.2848E-4
-6.6638E-5
1.1370E-4
3.6001E-5
-1.1727E-4
1.4682E-3
1.0046E-4
1.9264E-4
1.2207E-4
0.0000E+0
1.5190E-4
-9.4473E-5
9.1758E-4
-1.5041E-4
1.7601E-4
-5.6475E-5
1.0478E-3
2.4286E-4
-7.3910E-5
-8.4043E-6
1.0543E-3
8.2046E-5
1.5110E-5
-6.1214E-5
1.7405E-4
1.1152E-4
-5.5522E-5
2.9296E-5
9.7182E-4
-5.7667E-5
-1.2594E-4
1.0937E-5
-6.8903E-5
5.6922E-5
7.1505E-4
8.3867E-4
-5.1290E-5
9.1463E-5
1.3481E-3
4.4855E-4
-8.1807E-5
-1.1802E-4
1.0392E-3
9.4193E-4
-8.4400E-5
8.7723E-4
-1.4898E-4
-3.3081E-6
-2.8920E-4
1.8248E-4
1.2324E-3
1.7208E-4
-9.4205E-5
-3.5197E-5
-1.4406E-4
6.1393E-6
4.2081E-5
-2.9564E-5
-9.9838E-6
6.7824E-4
-2.0653E-5
-1.9032E-4
9.3517E-4
-1.0565E-4
1.1055E-3
4.4227E-5
-7.3284E-5
-1.1402E-4
3.6985E-5
5.4213E-4
1.0681E-4
1.6057E-4
1.3307E-4
-2.4128E-4
1.6990E-4
1.0878E-5
1.5974E-3
-1.9819E-4
2.2689E-4
2.0313E-4
2.3234E-4
5.0187E-5
6.0380E-5
-1.1593E-5
-6.4671E-6
9.2512E-4
1.3888E-5
7.9024E-4
-7.6890E-6
1.4070E-4
6.1849E-4
1.6689E-6
2.8878E-5
2.5725E-4
-1.6651E-4
4.9800E-5
1.1662E-3
9.6828E-5
-1.3772E-4
2.7984E-5
5.6803E-5
1.1082E-3
8.7231E-5
3.5059E-4
6.3962E-4
6.3360E-5
-1.2505E-4
7.3314E-5
4.4137E-5
-7.3761E-5
6.5419E-4
-8.8006E-5
-2.1085E-4
1.1689E-3
-2.2501E-5
-3.8892E-5
1.3754E-4
-4.5151E-5
1.3047E-3
1.5578E-4
-2.4408E-5
8.5473E-5
1.1483E-3
1.0884E-4
1.6096E-4
1.6010E-4
-2.2173E-4
-2.3353E-4
1.4122E-3
-4.3184E-5
9.9474E-4
3.1531E-5
-1.6144E-4
9.9951E-4
6.9320E-4
2.4277E-4
8.7738E-5
-9.6858E-6
2.4676E-5
9.2325E-4
7.0989E-5
-1.7294E-4
3.5077E-5
1.2982E-3
-7.6622E-5
-6.4909E-5
1.8167E-4
-9.4593E-5
-9.3907E-5
8.3536E-5
-9.1195E-6
3.3230E-4
-1.2729E-4
-5.7131E-5
9.0265E-4
-1.5488E-4
-1.6338E-4
9.9638E-4
-1.6341E-4
-7.2122E-5
1.0881E-3
6.3598E-5
8.4281E-5
2.7627E-5
-3.7044E-5
9.6104E-4
-1.1188E-4
-2.1997E-4
1.3108E-3
7.2122E-5
1.8314E-4
-1.3679E-5
6.8194E-4
6.3986E-5
-3.4451E-5
-2.2948E-6
6.2823E-5
-8.5473E-5
-2.9790E-4
-5.3376E-5
3.0249E-5
-1.3843E-4
-3.6165E-4
2.3142E-4
-1.6922E-4
-1.5628E-4
2.0936E-4
5.0455E-5
1.2931E-3
1.1861E-5
2.5392E-5
5.8830E-5
-2.1926E-4
-1.5587E-5
-6.6161E-5
-1.4633E-5
-8.3268E-5
-7.4029E-5
3.4481E-5
1.3396E-4
-1.4007E-5
-7.2122E-5
1.1429E-4
1.3384E-4
-8.1867E-5
1.1775E-4
9.2059E-5
1.3353E-3
1.0747E-4
6.3926E-5
-1.0532E-4
1.3044E-4
-5.4538E-6
5.2363E-5
2.7806E-5
7.0900E-5
-3.1948E-5
-1.6063E-5
-2.2694E-4
3.7283E-5
-8.7321E-5
1.2374E-4
-2.4110E-5
8.2490E-4
-7.5310E-5
-6.1065E-5
5.9113E-4
3.2127E-5
-7.3165E-5
-4.4137E-5
4.5028E-4
-1.8060E-4
7.5510E-4
-1.0848E-5
-1.5676E-4
4.8101E-5
1.4246E-5
2.0099E-4
2.5916E-4
-5.0694E-5
-8.7023E-6
1.2052E-4
8.0261E-4
2.3425E-5
-1.1417E-4
-9.5278E-5
1.0365E-4
-1.2240E-4
8.2177E-4
-8.3059E-5
7.9077E-4
-1.6859E-4
1.1063E-4
1.8179E-5
7.8523E-4
1.0017E-4
6.4969E-5
5.2601E-5
6.4611E-5
-1.4767E-4
4.2588E-5
1.3581E-4
-3.4869E-6
-1.6949E-4
4.4945E-4
-2.1338E-5
1.2615E-4
2.2408E-4
7.6950E-5
4.9847E-3
3.8117E-5
6.1989E-6
1.2403E-3
1.5903E-4
9.3341E-5
-2.6476E-4
-2.3347E-4
-1.1146E-5
-1.8594E-4
1.1044E-3
4.7684E-5
4.7565E-5
2.6554E-5
1.1285E-3
1.2056E-3
2.2146E-4
2.5168E-4
1.6361E-5
-2.1508E-4
2.7210E-5
4.8071E-5
-8.7053E-5
-3.2336E-5
8.7601E-4
-1.2732E-4
7.6929E-4
-9.9689E-5
5.4115E-4
-1.1149E-4
-1.6385E-4
-1.5602E-4
-3.1283E-4
-1.0541E-4
-1.3721E-4
-1.0905E-4
-4.2826E-5
-1.1325E-4
3.1918E-5
9.9903E-4
1.0222E-5
-1.6567E-4
6.7496E-4
5.2750E-5
1.6302E-5
-1.8466E-4
4.0799E-4
7.3165E-5
-1.6436E-4
5.9813E-4
1.0371E-4
-9.4205E-5
5.9634E-5
1.0419E-3
9.3967E-4
1.2514E-4
1.3855E-4
1.7136E-4
7.8219E-4
-8.2433E-5
2.3901E-5
-7.5310E-5
-3.5852E-5
3.1412E-5
5.6654E-5
8.7321E-4
-9.3699E-5
-1.5318E-4
1.9556E-4
5.6058E-5
-1.0028E-4
-5.2422E-5
-8.1331E-5
7.9334E-5
8.4186E-4
-4.2468E-5
-1.9327E-4
-2.1598E-4
-1.7738E-4
-9.3311E-5
5.9992E-5
-1.6612E-4
-3.2485E-5
8.6653E-4
3.5852E-5
-1.1212E-4
8.0234E-4
-1.8415E-4
-5.8800E-5
-3.4869E-5
6.4731E-5
5.1469E-5
-1.9214E-4
-4.9561E-5
7.1830E-4
2.3007E-5
9.3725E-4
4.1783E-5
-2.4095E-4
7.0822E-4
1.1730E-4
1.1930E-4
3.2687E-4
-2.5213E-5
1.0484E-4
1.0133E-3
1.5020E-5
1.1235E-5
1.9279E-4
1.1810E-3
-1.5390E-4
1.4108E-4
1.3198E-3
1.2174E-3
6.8247E-6
-1.6096E-4
7.4551E-4
-1.0103E-5
-1.4022E-4
-9.3132E-5
-3.9130E-5
-2.1201E-4
-1.4895E-4
1.0422E-3
-1.2985E-4
-1.0490E-4
4.3690E-5
-3.4082E-4
-2.2709E-5
1.0142E-3
1.6573E-4
1.0254E-3
4.1217E-5
-9.4801E-5
-1.5739E-4
2.2322E-5
-4.5538E-5
1.1498E-3
7.2151E-5
-5.2810E-5
-6.4939E-5
8.7053E-5
8.8945E-4
-2.6274E-4
-6.6936E-5
-5.3287E-5
-5.9873E-5
-5.9038E-5
-1.1843E-4
1.2681E-4
8.6579E-4
5.8949E-5
7.6059E-4
-7.1585E-5
1.1861E-5
-2.2578E-4
-1.6493E-4
-1.6239E-4
1.2982E-4
6.3032E-5
-1.2478E-4
2.1237E-4
1.6326E-4
2.7630E-4
1.3109E-3
2.8750E-4
8.7929E-4
-3.1918E-5
-9.5814E-5
2.6217E-4
8.2046E-5
-1.9699E-5
3.8114E-4
4.5466E-4
1.5283E-3
2.3127E-5
1.4230E-3
-5.6744E-5
2.0862E-4
1.1966E-4
1.8477E-6
1.2550E-4
9.0718E-5
2.5928E-6
1.1888E-4
-1.3679E-5
1.1035E-3
-5.4419E-5
9.6262E-6
-4.3839E-5
5.9754E-5
-4.4197E-5
5.8413E-6
4.8727E-5
1.0249E-3
0.0000E+0
-9.0361E-5
7.9602E-4
1.1452E-3
-1.9917E-4
-2.7150E-5
4.3482E-5
1.2524E-3
-5.9009E-5
-1.6648E-4
1.1147E-3
8.9651E-4
-6.4313E-5
-1.5822E-4
-4.3064E-5
-2.3425E-5
-3.6150E-5
3.4124E-5
-2.3612E-4
-2.4313E-4
1.1089E-4
-2.0820E-4
-3.9315E-4
-9.2089E-5
7.8082E-6
-2.1875E-4
-1.1247E-4
-1.2395E-4
1.1882E-4
1.2887E-4
-1.2228E-4
-5.4359E-5
-2.8843E-4
3.4273E-6
-5.5313E-5
1.1719E-3
1.3676E-4
2.1443E-4
-5.5641E-5
1.2299E-4
-1.6353E-4
2.0826E-4
-1.2618E-4
1.0070E-4
3.3677E-5
7.4401E-4
5.9962E-5
-4.9770E-5
3.3408E-5
2.2101E-4
8.7678E-5
8.0556E-5
9.2298E-5
8.3694E-4
1.6612E-4
1.5780E-4
-1.9380E-4
-7.0572E-5
1.1697E-4
-1.6212E-5
-5.5641E-5
9.9450E-5
2.3142E-4
9.3549E-5
3.7840E-4
1.2359E-4
-3.1650E-5
-6.3181E-6
5.2971E-4
1.4275E-3
7.1645E-5
9.2083E-4
9.5135E-4
6.7639E-4
2.6378E-4
1.8361E-4
3.1531E-5
9.3877E-5
3.5879E-4
4.0185E-4
-8.0705E-5
4.4319E-4
1.5229E-5
3.5113E-4
2.4256E-4
2.8229E-4
2.3565E-4
4.8521E-4
2.6134E-4
1.3721E-4
3.7193E-5
8.5819E-4
-2.9325E-5
1.3188E-3
-1.7554E-5
-2.7686E-5
9.0623E-4
-8.0615E-5
-7.9751E-5
-2.5541E-5
8.6766E-4
-8.5205E-5
8.4490E-5
-8.3387E-5
-1.1390E-4
1.4523E-4
5.0041E-4
1.0458E-4
1.1814E-4
1.0258E-4
9.9602E-4
6.7174E-5
1.4805E-3
1.0893E-4
1.1697E-4
5.5075E-5
1.0157E-3
-2.3434E-4
9.3251E-5
-8.7410E-5
5.4866E-5
1.9592E-4
1.6734E-4
1.1557E-4
-3.6299E-5
8.0615E-5
9.9829E-4
4.2021E-5
4.6551E-5
1.3620E-3
1.6958E-4
4.7088E-4
6.4069E-4
8.1509E-5
1.3603E-3
-1.1387E-4
-1.2764E-4
-1.1176E-5
-3.7491E-5
1.0112E-4
1.7461E-4
1.3309E-3
-1.0580E-5
1.2406E-3
8.1599E-5
-5.6326E-6
1.9479E-4
4.8876E-5
9.4646E-4
-1.4713E-4
2.8580E-5
-1.3828E-5
4.1544E-5
1.1579E-3
1.2202E-3
-1.9684E-4
-1.8594E-4
-7.1377E-5
-8.1360E-6
-7.4267E-5
-9.7096E-5
-1.0723E-4
-1.0294E-4
1.8537E-5
6.9678E-5
-1.9670E-5
1.9202E-4
3.4779E-5
-4.5121E-5
1.3190E-3
-7.1347E-5
7.5847E-5
1.7542E-4
7.5930E-4
5.4607E-4
1.0282E-4
-5.0664E-7
1.8123E-4
-1.3590E-5
6.9770E-4
1.5110E-5
1.0646E-3
-2.0689E-4
3.2759E-4
2.7221E-4
1.9214E-4
-4.6343E-5
7.2211E-5
4.9710E-5
-6.8903E-5
7.2405E-4
1.4201E-4
-8.9705E-6
-1.2255E-4
-7.3373E-5
-7.6294E-6
1.1802E-3
-2.6822E-5
1.1367E-3
4.8494E-4
1.2041E-3
-1.1554E-4
1.1736E-3
-1.7196E-5
-4.9621E-5
3.7342E-5
-4.9889E-5
1.8373E-4
-7.9155E-5
4.9323E-5
2.0027E-5
5.4896E-4
1.3002E-3
-1.1337E-4
5.6177E-4
8.6185E-4
1.0811E-3
6.7890E-5
-8.6606E-5
2.4489E-4
-1.1206E-4
1.4901E-7
6.0409E-5
1.6513E-4
-2.1398E-5
-1.0270E-4
-1.7488E-4
6.8289E-4
1.1063E-3
-2.0158E-4
-4.5329E-5
1.3635E-3
1.6958E-5
1.3769E-4
-1.4034E-4
1.0011E-4
1.2439E-3
1.2726E-5
-1.9372E-6
-2.1130E-4
-4.4167E-5
1.0976E-4
-7.2569E-5
-4.4584E-5
9.2682E-4
5.6535E-5
-1.7196E-5
2.7210E-5
1.2895E-4
-5.9009E-6
7.4536E-5
-8.7947E-5
-4.7326E-5
-3.4899E-5
7.1585E-4
1.4320E-4
5.5876E-4
1.6361E-5
-1.4916E-4
-1.2451E-4
1.1489E-4
2.9355E-4
5.9316E-4
2.6584E-5
1.2044E-3
-3.6865E-5
8.8885E-4
1.0900E-3
5.6803E-5
-6.6906E-5
1.4019E-4
-1.8987E-4
4.1246E-5
-9.6381E-5
8.1396E-4
-1.2875E-5
1.2192E-4
6.5118E-5
-1.3587E-4
-1.4177E-4
5.9634E-5
1.5935E-4
-1.2231E-4
-4.9055E-5
-9.2685E-6
-2.2537E-4
-1.5983E-4
-2.6545E-4
2.8232E-4
1.6161E-3
7.4872E-4
-1.2383E-4
-1.6502E-4
-1.1608E-4
1.0791E-3
-5.8651E-5
1.2714E-4
2.5451E-5
-8.4192E-5
8.7079E-4
-2.1785E-5
8.1182E-5
-1.6928E-5
1.9979E-4
1.7309E-4
1.1699E-3
1.0621E-3
1.4056E-3
-1.3635E-4
9.4175E-5
9.1571E-4
6.3181E-4
7.9545E-4
6.1476E-4
8.6427E-7
5.0634E-5
-3.1590E-6
5.8413E-6
6.6459E-5
-1.0997E-4
1.5199E-5
1.7369E-4
8.4668E-5
-9.9242E-5
1.9333E-4
2.5380E-4
-4.5598E-6
3.0527E-4
1.1891E-4
2.2823E-4
1.0135E-3
6.0970E-4
-1.3950E-4
-4.8161E-5
-5.2124E-5
4.9999E-4
7.3254E-5
-2.4617E-4
8.3947E-4
3.9092E-4
3.5137E-5
1.1602E-3
8.8993E-4
1.3727E-4
-8.9288E-5
1.1377E-3
1.3310E-4
-2.7215E-4
-1.6773E-4
2.2948E-4
-1.2448E-4
1.3947E-5
8.5029E-4
-8.7440E-5
0.0000E+0
-4.9621E-5
-9.2626E-5
-1.1539E-4
1.1513E-3
1.5703E-4
-7.8112E-5
9.1225E-5
7.1168E-5
1.3721E-4
3.0607E-5
-2.6345E-5
-8.8513E-5
2.8050E-4
-6.2108E-5
3.6597E-5
-2.4736E-5
-2.1002E-4
1.1492E-4
-1.5399E-4
-1.2088E-4
0.0000E+0
1.0619E-4
2.6554E-5
6.5267E-5
-3.1173E-4
1.3660E-3
6.1810E-5
-5.4836E-6
-5.7727E-5
-1.8689E-4
5.3346E-6
4.1130E-4
-5.0914E-4
-5.1379E-5
-3.2228E-4
4.5720E-4
-2.5547E-4
3.3367E-4
-2.0117E-4
3.1292E-5
1.3451E-3
6.5261E-4
6.6522E-4
-6.8575E-5
-2.0289E-4
-3.1346E-4
-2.6345E-5
5.7220E-5
-1.3405E-4
-9.7036E-5
4.7058E-5
-6.0320E-5
-1.4114E-4
7.3394E-4
6.3947E-4
1.1793E-4
1.5646E-5
-3.7104E-5
1.0009E-3
1.4842E-5
1.5739E-4
-2.3842E-4
-4.4614E-5
-3.9846E-5
1.4335E-5
1.7953E-4
1.0788E-3
3.5876E-4
9.0677E-4
1.4389E-4
-2.0987E-4
-1.3724E-4
-1.1623E-5
2.4050E-5
1.0106E-4
1.7518E-4
7.7933E-5
-1.6785E-4
6.1780E-5
2.0990E-4
1.3688E-4
1.2922E-4
7.4577E-4
4.3058E-4
-6.6817E-5
2.3285E-4
7.8201E-5
-1.9997E-5
1.9789E-4
1.2118E-4
1.0461E-5
1.2279E-4
-1.0511E-4
4.1306E-5
6.7353E-5
1.2636E-5
3.8743E-7
2.0364E-4
-1.1697E-4
1.5792E-4
1.4007E-6
9.5358E-4
1.5184E-4
2.3094E-4
8.4347E-4
-4.4733E-5
7.7832E-4
8.0982E-4
-4.6164E-5
-1.1185E-4
3.0667E-5
6.5476E-5
1.7977E-4
1.2106E-4
2.0355E-5
7.4407E-4
1.1691E-4
3.5137E-5
4.0352E-5
5.1388E-4
1.1572E-3
1.8680E-4
1.1075E-4
1.6263E-4
-8.0466E-7
1.0061E-4
1.5205E-4
4.8220E-5
-5.8055E-5
1.4302E-4
-9.1851E-5
2.8855E-4
4.7207E-5
1.3682E-4
-5.5701E-5
1.5461E-4
1.8778E-4
4.8423E-4
-8.4728E-5
-1.8874E-4
9.2745E-5
2.8992E-4
-1.3030E-4
1.7416E-4
1.3798E-4
-1.3432E-4
4.2588E-5
-4.4054E-4
4.3154E-5
1.0405E-3
1.6075E-4
-7.7784E-6
-3.4332E-5
2.6107E-5
7.1490E-4
-7.7456E-5
-1.7196E-5
-7.8321E-5
-2.0316E-4
6.4319E-4
-1.1122E-4
-1.0198E-4
8.1122E-5
-1.0526E-4
7.0661E-5
-1.2597E-4
-1.2264E-4
9.4658E-4
-8.9079E-5
-4.8220E-5
-5.8115E-5
2.7552E-4
1.4573E-5
-2.6822E-7
-2.4647E-5
3.1412E-5
-1.5709E-4
-4.3958E-5
6.0913E-4
6.4430E-4
5.6028E-6
3.1948E-5
5.9578E-4
1.7342E-4
1.6230E-4
1.1647E-4
-7.9393E-5
9.1493E-6
1.9968E-6
1.1683E-5
-6.9141E-5
-2.5922E-4
-7.1317E-5
-2.1768E-4
6.6340E-5
4.1127E-6
-1.5259E-5
-1.9273E-4
-7.4327E-5
1.2293E-4
6.0549E-4
1.3848E-3
6.3181E-6
2.1458E-6
8.1983E-4
3.0875E-5
9.3967E-5
-1.4150E-4
3.9876E-5
-7.9453E-5
-2.2641E-4
-3.2276E-5
-3.3736E-5
7.3195E-5
5.3462E-4
2.1660E-4
-4.5478E-5
7.4118E-5
2.2650E-6
-3.8028E-5
-1.3182E-4
-1.4842E-5
6.4737E-4
1.1730E-4
9.7781E-5
1.0088E-4
1.5188E-3
-1.8841E-4
9.7483E-5
1.4585E-4
7.5862E-4
-1.0616E-4
-6.3062E-5
1.2010E-4
1.2905E-3
-1.4853E-4
-1.5140E-4
1.1071E-3
1.9073E-6
-4.5606E-4
-1.0723E-4
-2.1163E-4
-9.1881E-5
2.0701E-4
-9.1493E-6
-2.0742E-5
3.9870E-4
-3.9399E-5
1.0267E-4
-3.1316E-4
7.8380E-5
4.6092E-4
3.3140E-5
2.5791E-4
4.7207E-5
-1.3769E-4
1.6928E-5
8.5470E-4
6.6704E-4
2.2992E-4
4.4197E-5
-2.9886E-4
1.8990E-4
1.4149E-3
1.2212E-3
1.2180E-3
1.0687E-4
3.9041E-6
1.3679E-4
7.3224E-5
9.7546E-4
1.1076E-3
8.8215E-5
8.9785E-4
2.4703E-4
3.4603E-4
9.8228E-5
1.6084E-4
-9.4891E-5
-3.2812E-5
1.1429E-4
9.4268E-4
8.1941E-4
-2.5392E-5
1.5416E-3
3.5554E-5
8.0863E-4
1.0446E-4
-3.8391E-4
-4.2737E-5
-2.0862E-4
-2.3603E-5
-1.5077E-4
5.6183E-4
9.8348E-5
1.2431E-4
2.4322E-4
3.8496E-4
9.8199E-4
-1.0151E-4
-4.9323E-5
2.9361E-4
-1.3357E-4
-2.5469E-4
-2.0117E-5
1.7282E-4
-2.2739E-5
9.4533E-4
8.7529E-5
5.0962E-6
1.5214E-4
-7.9989E-5
-1.2371E-4
-1.8948E-4
9.1195E-6
-5.3376E-5
-2.2033E-4
-1.3471E-5
8.0496E-5
1.6907E-4
-6.9559E-5
-2.6646E-4
-4.5538E-5
9.4196E-4
-1.7017E-5
2.0325E-5
-5.1945E-5
-1.1325E-4
-9.3639E-5
8.8403E-4
8.9914E-5
8.0049E-4
3.2455E-5
-1.5834E-4
-9.8974E-5
-2.3007E-5
-1.0866E-4
1.2088E-4
1.3262E-5
1.0282E-5
4.3660E-5
1.9306E-4
5.6207E-5
9.1988E-4
1.0100E-4
5.9536E-4
1.0161E-3
-1.3113E-6
3.3686E-4
-5.0366E-6
-8.5056E-5
8.3435E-4
-2.5952E-4
1.4037E-5
9.5189E-5
-8.9616E-5
4.0084E-5
8.5127E-4
9.3853E-4
4.8253E-4
1.2496E-4
9.8348E-7
1.1104E-4
-3.8892E-5
1.6719E-4
1.5575E-4
6.9439E-5
-2.1636E-5
3.3760E-4
1.0398E-3
1.0437E-4
8.6865E-4
3.0428E-5
-5.5432E-6
5.1379E-5
9.7069E-4
7.2062E-5
8.4108E-4
1.0544E-4
3.3766E-5
7.8607E-4
1.7133E-4
-3.6538E-4
2.0641E-4
-1.1015E-4
1.0264E-4
1.7288E-4
-1.6671E-4
-1.1814E-4
1.1650E-4
1.2769E-3
1.2404E-4
-1.1042E-4
1.0661E-3
-2.7984E-5
2.8047E-4
1.8203E-4
1.3766E-4
7.0035E-6
-1.7077E-4
-1.2326E-4
-6.2495E-5
1.6904E-4
8.8224E-4
6.7860E-5
9.7618E-4
-8.3268E-5
2.2352E-6
-3.1525E-4
4.5985E-5
-1.4931E-4
2.7686E-5
1.9655E-4
1.0811E-3
-4.6968E-5
-6.4582E-5
1.6034E-5
7.8768E-5
-1.1066E-4
1.6078E-4
-1.5545E-4
1.5438E-5
-5.9903E-6
1.1966E-3
-7.4118E-5
-5.1737E-5
1.5497E-6
6.4045E-4
-8.0615E-5
-1.5754E-4
-9.1970E-5
-1.2702E-4
8.6117E-4
2.1666E-5
6.3220E-4
-9.4444E-5
4.1538E-4
2.4009E-4
1.5134E-4
9.1761E-5
7.2509E-5
1.3447E-3
1.1814E-4
1.1207E-3
1.0088E-4
1.4600E-4
-7.7009E-5
1.8924E-5
7.8678E-5
-6.3479E-6
2.7385E-4
-1.7849E-4
1.6862E-4
1.2004E-3
1.1617E-3
3.7342E-4
2.2867E-4
1.1909E-4
-9.5367E-6
1.7771E-4
4.8518E-5
-1.0669E-4
2.1082E-4
-1.1146E-4
3.3170E-5
1.0806E-4
-8.0258E-5
-7.9811E-5
1.1705E-3
4.1425E-5
8.0854E-5
3.7611E-5
1.0625E-4
3.5673E-5
4.2558E-5
-1.1319E-4
-4.9323E-5
-1.3420E-4
4.5073E-4
-2.5585E-4
1.6779E-5
-3.4600E-5
-1.5083E-4
-2.3243E-4
3.7289E-4
1.0296E-3
-2.0474E-5
1.5828E-4
1.1653E-5
-1.9729E-5
5.8681E-5
2.6524E-6
3.3265E-4
1.8570E-4
9.7528E-4
1.6472E-4
1.0429E-3
2.2155E-4
8.8662E-5
8.5086E-5
6.4671E-5
-1.0857E-4
-3.9369E-5
-1.9118E-4
2.8986E-4
1.7142E-4
1.3384E-3
7.3373E-5
9.4402E-4
9.2670E-4
8.7142E-5
-2.6318E-4
1.0628E-4
-6.8247E-5
2.6107E-5
8.0380E-4
1.3485E-3
8.3327E-5
1.0788E-5
1.0641E-3
-4.5419E-5
-7.8797E-5
-1.7461E-4
-1.5020E-4
-4.7415E-5
-1.0878E-5
-1.6034E-4
-1.0630E-4
7.7507E-4
-1.7107E-4
1.8626E-5
4.7490E-4
-1.3143E-5
-3.4362E-5
-1.8507E-5
9.0027E-4
9.8437E-4
5.2959E-5
4.4316E-5
9.6440E-4
1.6600E-5
6.2525E-5
-1.3733E-4
-1.0782E-4
-7.7844E-5
-5.8502E-5
8.2284E-5
1.4457E-4
1.3971E-4
1.7136E-5
1.4561E-4
2.1699E-4
7.3764E-4
9.4801E-5
-6.9827E-5
6.4176E-4
8.6221E-4
-1.2392E-4
4.2498E-5
5.4300E-5
-3.9309E-5
4.0174E-4
1.1027E-4
-4.5449E-5
1.2755E-5
-4.6104E-5
1.4454E-5
-1.0446E-4
2.1866E-4
9.7647E-4
1.2732E-4
-7.9304E-5
1.2556E-3
-1.0797E-4
-1.3056E-4
8.9407E-5
6.2019E-5
-4.7144E-4
3.5861E-4
-4.2054E-4
3.7283E-5
6.7472E-5
-2.6849E-4
-6.4433E-5
1.1306E-3
4.5896E-6
-5.6624E-7
3.8385E-5
-2.7180E-5
1.0192E-4
-2.0692E-4
-1.3950E-4
-2.2739E-5
-2.7773E-4
-7.2181E-5
8.6957E-4
3.2604E-5
1.0943E-3
2.6703E-5
-7.7963E-5
2.8968E-5
5.4270E-5
-1.1691E-4
3.9250E-5
-5.2869E-5
1.6996E-4
1.2609E-4
-1.8477E-4
9.6262E-6
9.5490E-4
5.8115E-6
2.5955E-4
1.0350E-3
-4.0859E-5
3.9130E-5
-2.6736E-4
9.1380E-4
1.1593E-4
-1.4383E-4
-4.0084E-5
-2.0474E-5
1.0860E-4
1.5387E-4
-1.1480E-4
3.8815E-4
9.0182E-5
5.4896E-5
7.2157E-4
-4.3750E-5
2.5928E-6
-5.2780E-5
-1.5149E-4
-1.0058E-4
2.5895E-4
6.2913E-5
4.4703E-6
1.1824E-3
1.0839E-4
1.8370E-4
1.0828E-3
6.4468E-4
3.9712E-4
-2.9057E-5
-2.5839E-5
1.9631E-4
-9.9450E-5
-1.1170E-4
9.2536E-5
7.6804E-4
2.5740E-4
1.2767E-4
-1.7893E-4
-1.3107E-4
-3.5763E-6
7.0840E-5
-1.0136E-4
-1.2565E-4
7.0661E-5
1.4191E-3
9.6202E-4
-1.0377E-4
1.1243E-3
1.1614E-4
6.1661E-5
1.4664E-3
7.1543E-4
8.9765E-5
1.0580E-3
-5.6654E-5
1.3739E-4
1.6749E-5
-4.8310E-5
1.3816E-4
4.1246E-5
-2.7746E-5
1.1389E-3
2.6312E-4
6.0529E-5
1.3775E-4
2.4953E-4
-1.9202E-4
1.1453E-4
1.9819E-5
5.0038E-5
-1.0422E-4
2.0859E-4
-8.8155E-5
-1.0076E-4
-4.3988E-5
3.0041E-5
2.8819E-5
2.7537E-5
-1.0726E-4
1.0407E-3
7.6073E-4
2.3454E-5
-2.0772E-5
1.3271E-4
1.0753E-4
-1.0011E-4
-6.7353E-6
2.3508E-4
9.9140E-4
-7.3016E-5
-2.1768E-4
8.8781E-5
2.7865E-5
6.1005E-5
1.1951E-3
-7.1108E-5
2.1225E-4
-8.6397E-5
6.9004E-4
4.4808E-4
-9.5367E-7
3.0041E-4
7.0482E-5
9.1612E-5
1.0490E-4
-8.0466E-6
4.6277E-4
1.0163E-5
4.8816E-5
1.4937E-4
1.2401E-4
-1.1766E-4
-6.5833E-5
-4.2111E-5
8.4490E-5
7.3880E-5
-1.0186E-4
-3.1203E-5
-9.9063E-5
1.3664E-4
8.4993E-4
6.4045E-5
7.1982E-4
8.2850E-5
-5.5730E-6
-1.0434E-4
-1.1188E-4
1.7479E-4
-3.2395E-5
1.2216E-4
9.9123E-5
1.3420E-4
5.2363E-5
1.0577E-4
2.0173E-4
1.5432E-4
1.1170E-4
1.6063E-5
1.7881E-4
-3.0458E-5
1.9574E-4
1.0240E-4
7.1615E-4
8.6427E-7
1.1906E-4
-6.1691E-6
5.4717E-5
1.2636E-4
1.2385E-3
-2.4080E-5
-1.4278E-4
8.9288E-5
6.4716E-4
9.8443E-4
5.1677E-5
9.9659E-5
8.6638E-4
5.1707E-5
-4.2617E-6
2.1309E-5
3.5435E-5
3.7506E-4
5.9605E-8
2.1458E-6
1.4606E-4
6.1184E-4
1.5134E-4
2.5868E-5
9.9540E-5
8.4996E-5
9.9212E-5
-2.4566E-4
-8.9109E-6
1.1379E-3
2.7537E-5
6.6343E-4
6.1184E-5
8.8498E-4
-5.9605E-6
1.1420E-4
-4.5240E-5
-8.8006E-5
1.3113E-4
1.0118E-3
8.8155E-5
5.8347E-4
-5.9634E-5
8.6933E-5
5.4246E-4
-6.8605E-5
-7.5549E-5
2.7224E-4
8.5264E-5
1.0633E-4
2.1225E-4
6.3956E-5
1.1900E-4
-1.2827E-4
1.5059E-4
3.1555E-4
2.2289E-4
1.4645E-4
1.1817E-3
8.7202E-5
4.8721E-4
-8.3387E-5
1.3235E-4
8.1956E-5
-1.3813E-4
-1.3620E-5
-9.6411E-5
-7.4953E-5
8.6829E-4
-4.8131E-5
1.8281E-4
-8.9020E-5
-4.0919E-5
3.0994E-6
8.0913E-5
2.0862E-5
-1.3739E-5
-4.0352E-5
-1.0893E-4
-1.8382E-4
-1.1367E-4
1.0784E-3
8.0693E-4
1.1585E-3
-2.2423E-4
-2.1219E-4
6.6757E-6
1.7890E-4
8.4490E-5
-1.0595E-4
4.6852E-4
-4.6968E-5
2.3252E-4
6.5920E-4
2.9418E-4
3.5682E-4
1.2552E-3
3.0348E-4
4.7642E-4
1.6081E-4
1.6263E-4
1.2389E-3
1.6190E-3
1.2513E-3
1.1477E-4
1.1411E-4
-2.8759E-5
1.8412E-4
3.7670E-5
2.1425E-4
3.9282E-4
3.3629E-4
2.6524E-4
2.1869E-4
1.2273E-3
8.7410E-5
1.4216E-5
-2.4894E-4
2.4179E-4
2.9853E-4
-1.7199E-4
-1.0166E-4
-1.5295E-4
-1.0586E-4
4.5300E-6
-1.5676E-5
-1.2696E-5
8.3268E-5
7.6592E-6
5.4535E-4
-6.5863E-5
8.8900E-5
1.2523E-4
1.2815E-6
1.9705E-4
-1.4973E-4
6.2972E-5
-1.0663E-4
-1.7959E-4
-6.7323E-5
-1.5554E-4
-4.1068E-5
3.3438E-5
-4.2588E-5
4.3720E-5
8.3745E-5
1.4497E-3
-9.7126E-5
-5.0504E-3
7.8589E-5
-3.8654E-5
7.6294E-5
-1.2186E-4
9.7042E-4
8.1629E-5
1.1367E-4
2.0602E-4
1.7327E-4
1.2446E-3
7.5728E-5
9.0796E-4
9.5904E-5
6.2734E-5
1.7348E-4
1.3670E-3
7.4756E-4
2.4110E-4
1.1504E-4
3.5840E-4
1.1161E-3
2.1994E-5
-1.0520E-5
1.2742E-3
9.7185E-4
5.2655E-4
-8.2552E-6
-1.7041E-4
1.0931E-3
-3.3557E-5
-1.2338E-5
-8.2046E-5
-4.1902E-5
3.4952E-4
-6.4194E-5
-7.5907E-5
-4.1127E-6
9.6560E-6
-8.5801E-5
-9.1851E-5
1.5140E-5
8.9523E-4
4.5896E-5
2.7537E-5
1.0124E-3
9.2021E-4
1.6248E-4
3.2052E-4
1.0002E-4
1.3099E-3
1.1969E-4
1.2478E-4
-4.6074E-5
-4.7565E-5
1.1295E-5
7.5191E-5
7.8946E-5
8.0955E-4
1.8284E-4
-2.9594E-5
-1.0288E-4
1.1549E-3
6.5118E-5
5.2553E-4
-1.0809E-4
-1.8105E-4
1.3351E-5
-2.5472E-4
-1.2636E-5
8.1471E-4
1.1400E-3
7.2747E-5
2.4408E-4
-1.2994E-5
1.6172E-3
1.3031E-3
1.2532E-3
3.4124E-4
2.5135E-4
4.3392E-5
3.2708E-4
1.0225E-4
-1.6606E-4
-5.0694E-5
-1.4141E-4
3.2574E-5
1.0999E-3
-1.8418E-5
-1.5271E-4
1.1772E-4
-3.3003E-4
-1.1626E-4
1.7309E-4
-9.6440E-5
6.1303E-5
8.1599E-5
-1.1820E-4
-2.6035E-4
9.4047E-4
1.2174E-3
1.1769E-3
1.0476E-3
1.0425E-3
4.6641E-5
1.0729E-3
5.9885E-4
-2.0713E-5
6.0737E-5
-3.1036E-4
7.5549E-5
-1.5220E-4
-1.8910E-4
-1.7083E-4
-5.9634E-5
1.1533E-4
6.0618E-5
-4.3809E-5
3.0726E-5
1.0669E-3
-2.2534E-4
1.1072E-3
-9.2089E-5
8.9258E-4
-1.5995E-4
1.0656E-3
1.4164E-3
1.3575E-3
