87
52
5.9423E-4
3.9428E-4
2.8661E-4
1.9129E-3
3.0165E-3
2.7452E-3
2.6568E-3
2.4094E-3
2.5787E-3
2.7114E-3
2.7881E-3
-6.0174E-4
2.1594E-3
2.3279E-3
1.7525E-3
3.0465E-3
2.6751E-3
2.5868E-3
3.4383E-3
2.2779E-3
2.2455E-3
2.8099E-3
6.4424E-4
1.7833E-3
1.3035E-3
1.1490E-3
9.6768E-4
1.1256E-3
1.9504E-3
7.4404E-4
1.4482E-3
1.7817E-3
3.0216E-3
2.3690E-3
2.5557E-3
1.4142E-3
2.8369E-3
3.0955E-3
1.9346E-3
3.3564E-3
2.5292E-3
2.7463E-3
2.6875E-3
2.5581E-3
2.7975E-3
1.8854E-3
4.6906E-3
2.8998E-3
2.2816E-3
5.7898E-3
1.1071E-3
1.3970E-3
8.1900E-4
1.3585E-3
1.5475E-3
4.1095E-3
1.7372E-4
4.3413E-3
2.9978E-3
2.4467E-3
1.2874E-3
2.0152E-3
2.6098E-3
2.3932E-3
6.5231E-4
2.4863E-3
1.9406E-3
2.8974E-3
3.9276E-3
2.5487E-3
2.5517E-3
1.7720E-3
7.5871E-4
2.1134E-3
1.8420E-3
2.7823E-3
1.9174E-3
9.3368E-4
1.1941E-3
1.3233E-3
2.2604E-3
2.5477E-3
2.7392E-3
4.3270E-4
8.1185E-4
2.1661E-3
3.7867E-4
2.6873E-3
1.9350E-3
1.8038E-3
8.5133E-4
3.0634E-3
2.9357E-3
2.4834E-3
1.5706E-3
3.0339E-3
6.2312E-3
2.1341E-3
-9.4563E-4
2.7995E-3
3.9306E-3
5.2061E-3
9.3818E-4
1.3125E-3
2.6245E-3
3.2102E-3
2.4789E-3
2.5963E-3
2.1271E-3
2.9213E-3
4.2495E-3
1.3853E-3
9.8550E-4
2.5383E-3
1.2261E-3
1.6446E-3
-2.7475E-4
2.4826E-3
2.6351E-3
2.7874E-3
4.7970E-3
1.3475E-3
2.8117E-3
2.8665E-3
2.5998E-3
1.9454E-3
5.6037E-3
1.6284E-3
1.8091E-3
1.3148E-3
1.6871E-4
9.4795E-4
3.2860E-3
1.9557E-3
4.2906E-3
2.0978E-3
1.2243E-3
1.6567E-3
3.1320E-3
3.2003E-3
2.3612E-3
3.2643E-3
2.0569E-3
2.9573E-3
2.9752E-3
5.3218E-3
1.4246E-4
1.7138E-3
2.2126E-3
1.6485E-3
1.7067E-3
3.5015E-3
3.1428E-3
3.1742E-3
5.7113E-3
9.4724E-4
1.9896E-3
1.4905E-3
1.3470E-3
1.9381E-3
1.5844E-3
1.2093E-3
1.0137E-3
1.2768E-3
1.9093E-3
1.5824E-3
2.0701E-3
2.4002E-3
1.9571E-3
1.9122E-3
1.1435E-4
1.4857E-3
1.6446E-3
2.1189E-3
1.8999E-3
9.9689E-4
1.9994E-3
3.8198E-4
8.1813E-4
2.1707E-3
7.2870E-4
3.4569E-3
3.6610E-3
2.1530E-3
2.0146E-3
-2.7686E-5
1.5314E-3
2.0198E-3
1.9098E-3
9.2646E-4
7.0941E-4
2.6075E-3
1.9778E-3
1.2222E-3
1.5109E-3
3.1911E-3
1.6268E-3
1.3390E-3
1.8555E-3
2.0516E-3
7.5692E-4
2.2892E-3
8.6695E-4
1.6700E-3
2.0619E-3
1.7948E-3
5.4878E-4
2.1434E-3
2.1493E-3
2.0776E-3
2.1399E-3
1.9653E-3
1.8117E-3
2.0238E-3
4.4209E-4
8.6933E-4
1.1259E-3
2.1856E-3
2.9360E-3
2.9781E-3
1.5582E-3
3.1870E-3
3.2805E-3
1.5191E-3
1.9861E-3
2.2850E-3
4.6958E-3
2.4659E-3
1.7629E-3
1.9743E-3
2.1334E-3
2.2740E-3
1.0434E-3
5.0598E-4
1.8037E-3
1.8266E-3
2.5425E-3
2.4279E-3
2.4695E-3
1.6683E-3
2.2164E-3
2.1794E-3
2.5619E-3
2.4038E-3
1.6062E-3
-2.6688E-4
2.2503E-3
1.0653E-3
2.1946E-3
-9.5791E-4
3.0262E-3
1.9498E-3
2.1882E-3
1.6527E-3
1.6873E-3
1.1386E-3
2.8768E-3
4.6421E-3
2.3353E-3
2.3069E-3
1.9405E-3
2.2477E-3
2.2363E-3
1.9563E-3
2.1930E-3
2.3330E-3
2.4628E-3
3.6594E-3
1.6969E-3
2.0937E-3
9.5177E-4
2.3995E-3
1.9720E-3
2.0716E-3
2.4806E-3
1.0210E-3
1.4923E-3
1.5558E-3
2.5815E-3
3.4557E-3
1.2506E-3
-4.6426E-4
9.9406E-4
8.2305E-4
1.0366E-3
7.0983E-4
1.6024E-3
3.1339E-3
7.8428E-4
1.3625E-3
1.3275E-3
2.2371E-3
1.9404E-3
1.8193E-3
3.8557E-3
1.0078E-3
8.7947E-4
8.9878E-4
2.6195E-3
2.3852E-3
2.1425E-3
1.8397E-3
2.7609E-3
2.2208E-3
2.7857E-3
2.4444E-3
5.0970E-3
1.8849E-3
2.2112E-3
1.4684E-3
1.4432E-3
2.0288E-3
2.5562E-3
2.4537E-3
9.4044E-4
2.1809E-3
1.9489E-3
2.4646E-3
-9.0653E-4
1.5014E-3
2.0912E-3
2.4562E-3
2.3023E-3
1.9795E-3
2.6231E-3
1.0334E-3
9.6497E-4
2.4667E-3
1.6651E-3
2.6123E-3
2.1116E-3
1.3329E-3
2.2968E-3
2.5590E-3
1.8984E-3
1.4805E-3
2.6623E-3
1.8355E-3
1.7042E-3
-1.9637E-4
2.0517E-3
1.3782E-3
2.3669E-3
1.6790E-3
1.4018E-3
-2.5409E-4
2.8265E-3
1.8167E-3
2.0708E-3
2.2230E-4
2.9938E-3
2.0416E-3
2.6841E-3
2.0182E-3
2.0316E-3
2.0866E-3
2.3820E-3
1.5500E-3
2.8833E-3
2.1909E-3
1.7854E-3
1.7962E-3
3.6135E-3
3.1496E-3
4.8775E-3
1.4826E-3
2.9361E-3
1.9866E-3
2.4209E-3
2.0304E-3
5.1391E-3
5.8725E-4
2.3744E-3
2.1684E-3
2.2585E-3
2.6247E-3
1.6848E-3
1.3146E-3
2.0436E-3
1.5180E-3
2.5373E-3
1.0134E-3
6.5872E-4
2.2401E-3
2.0780E-3
2.3055E-3
1.1754E-3
1.4890E-3
2.0555E-3
2.6478E-3
2.4425E-3
1.2605E-3
2.6010E-3
2.0323E-3
2.0128E-3
2.7999E-3
1.8384E-3
2.5312E-3
2.4740E-3
-1.8060E-5
2.0678E-3
3.2356E-4
2.6280E-3
2.4611E-3
2.0110E-3
6.0218E-3
2.2256E-3
2.1649E-3
2.7487E-3
3.8622E-3
3.3236E-3
2.2840E-3
3.4553E-3
1.3185E-3
3.2219E-3
1.9172E-3
3.3689E-3
2.3144E-3
5.3985E-3
1.1059E-3
4.9810E-3
2.2825E-3
1.8810E-3
5.4592E-4
5.0501E-3
8.4630E-4
2.6591E-3
2.3904E-3
2.5533E-3
2.1008E-3
2.3144E-3
2.0982E-3
3.1014E-3
2.5391E-3
2.7658E-3
9.1767E-4
1.8742E-3
2.3386E-3
1.5779E-3
4.3875E-4
2.9334E-3
2.4925E-3
2.3764E-3
2.5838E-3
2.0915E-3
-6.7407E-4
2.5187E-3
4.2112E-3
3.0020E-3
2.3097E-3
2.0870E-3
6.1176E-3
4.5623E-3
1.1744E-3
1.7453E-3
5.3778E-4
3.1975E-3
4.1476E-3
2.7981E-3
2.6820E-3
2.6388E-3
3.5627E-3
1.7040E-3
6.8203E-4
2.6727E-3
1.2786E-3
3.8058E-3
1.7814E-3
2.7400E-3
8.8140E-4
2.7536E-3
2.6066E-3
1.9531E-3
1.5995E-3
1.9375E-3
2.4124E-3
4.5829E-3
1.3775E-3
2.8266E-3
2.6729E-3
1.5184E-4
3.3770E-3
2.5879E-3
1.0749E-3
2.9204E-3
2.9875E-3
2.3006E-3
3.2323E-3
2.6304E-3
2.6633E-3
1.0916E-3
-3.9339E-4
3.5803E-3
3.2364E-3
3.0891E-3
2.7355E-3
-4.2427E-4
2.6728E-3
-1.4335E-4
3.8560E-3
6.1852E-4
3.1314E-3
5.4321E-3
3.1841E-3
3.8663E-4
6.0977E-3
2.0141E-3
2.6697E-3
3.9150E-3
2.9639E-3
1.3329E-3
2.7059E-3
4.3646E-3
1.5759E-3
3.0655E-3
6.7416E-4
2.8181E-3
3.0514E-3
3.5661E-4
2.0379E-3
2.2407E-3
-2.8789E-5
2.1625E-3
4.2513E-3
2.3919E-3
2.6312E-4
2.2897E-4
1.2313E-3
1.7270E-3
2.1361E-3
9.3311E-4
8.8698E-4
1.9412E-3
1.6542E-3
1.9186E-3
3.7311E-3
2.0345E-3
9.6905E-4
2.2842E-3
1.2734E-3
2.4214E-3
1.8987E-3
2.2116E-3
2.3538E-3
2.1517E-3
1.5497E-3
7.8273E-4
2.1639E-3
1.8518E-3
1.3887E-3
1.2472E-3
2.5189E-3
1.5275E-3
1.3417E-3
2.7988E-3
1.8447E-3
2.2089E-3
1.6552E-3
9.9772E-4
1.7245E-3
2.6337E-3
6.7046E-4
2.2129E-3
1.9962E-3
5.6335E-4
2.8011E-3
9.3883E-4
2.3582E-3
2.2398E-3
2.8801E-3
2.8682E-3
3.2777E-3
1.3985E-3
2.2703E-3
2.1121E-3
2.0446E-3
1.7855E-3
-1.0143E-3
2.0250E-3
2.6083E-3
3.5462E-3
2.1434E-3
1.9678E-3
5.6174E-4
1.2854E-3
7.9653E-4
4.7986E-3
2.1754E-3
1.5869E-3
2.1288E-3
1.1074E-3
1.3224E-3
1.5716E-3
1.6094E-3
1.6667E-3
2.4046E-3
2.4180E-3
2.0665E-3
2.2584E-3
1.0792E-3
2.4360E-3
7.8601E-4
1.5416E-3
2.2668E-3
2.3034E-4
2.1121E-3
2.0012E-3
1.3358E-3
4.7514E-4
2.4644E-3
8.6513E-4
9.2930E-4
9.3162E-4
2.0468E-3
1.5760E-3
2.6977E-3
7.3278E-4
2.2987E-3
1.9140E-3
3.1736E-3
1.0842E-3
1.2958E-3
4.7902E-3
1.7296E-3
1.2049E-3
1.1221E-3
2.1669E-3
1.6436E-3
2.2345E-3
1.9130E-3
1.2825E-3
1.8904E-3
2.1574E-3
2.2552E-3
2.6656E-3
1.8064E-3
7.9384E-4
1.2209E-3
1.4063E-3
1.5996E-3
2.4657E-3
1.9462E-3
2.0152E-3
2.5803E-3
1.9462E-3
2.5243E-3
-3.2970E-4
2.1836E-3
3.6697E-3
1.0519E-3
1.7594E-3
2.8392E-3
9.2497E-4
7.4893E-4
1.5933E-3
1.3603E-3
3.1060E-3
1.7883E-3
2.8592E-3
2.3205E-3
-4.0844E-4
-1.4693E-4
-5.0604E-5
2.4115E-3
2.4957E-3
1.9750E-3
2.0816E-3
1.7655E-3
1.8895E-3
2.5252E-3
3.0998E-3
1.8084E-3
2.8674E-3
2.7298E-3
2.7376E-3
1.5530E-3
2.7812E-3
2.7279E-3
4.0686E-3
7.1445E-4
1.1381E-3
3.3775E-4
2.4993E-3
1.7934E-3
2.0477E-3
2.8544E-3
2.4787E-3
1.7645E-3
1.6593E-3
1.5345E-3
2.4077E-3
-3.2344E-4
2.5060E-3
2.1976E-3
2.2884E-3
1.5740E-3
2.7321E-3
2.1808E-3
1.0539E-3
1.9744E-3
2.5048E-3
2.1981E-3
1.9729E-4
1.6659E-3
1.9065E-3
2.2339E-3
2.5764E-3
1.7793E-3
3.1638E-3
1.0134E-3
2.0770E-3
-6.7538E-4
6.0257E-4
2.1777E-3
2.2436E-3
1.1824E-3
2.9581E-3
4.7479E-3
3.6229E-3
1.2216E-3
4.1527E-4
2.1487E-3
2.3109E-3
3.0350E-3
5.4568E-3
-3.1880E-4
3.4267E-3
1.7902E-3
2.6021E-3
2.2157E-3
2.3335E-3
1.9424E-3
2.3023E-3
2.4055E-3
1.5352E-3
1.7302E-3
1.1566E-3
3.8811E-3
2.7873E-3
2.6763E-3
2.8621E-3
2.4737E-3
2.5283E-3
4.8219E-3
2.5744E-3
7.7397E-5
1.7306E-3
2.7693E-3
9.5153E-4
1.3563E-3
2.6594E-3
2.4000E-3
2.4697E-3
2.5062E-3
1.9837E-3
4.5238E-3
3.0795E-3
1.7760E-3
2.0058E-3
2.1560E-3
3.0567E-3
1.9787E-3
2.0353E-3
2.1220E-3
1.7322E-3
2.9753E-3
9.8094E-4
6.1621E-3
2.1282E-4
2.1347E-3
1.2082E-3
9.9432E-4
1.2639E-3
1.3883E-3
2.2326E-3
2.9243E-3
2.3615E-3
2.9084E-3
4.8781E-3
1.9523E-3
2.3503E-3
2.7287E-3
7.5939E-4
2.2517E-3
2.7742E-3
2.0104E-3
4.5442E-3
2.0688E-3
2.4863E-3
3.2234E-3
3.1378E-3
1.9121E-3
2.3300E-3
1.1484E-3
2.7328E-3
2.7467E-3
1.1712E-3
2.3187E-3
1.6506E-3
2.8657E-3
1.0100E-3
2.8478E-3
2.2245E-3
5.4830E-3
8.9845E-4
4.9818E-4
2.6828E-3
2.7277E-3
5.3462E-4
2.4817E-3
8.6328E-4
7.2202E-4
2.1851E-3
1.9878E-3
1.1501E-3
5.7650E-4
2.9865E-3
2.0113E-3
1.5230E-3
2.0949E-3
2.7564E-3
5.6967E-4
7.4548E-4
2.5401E-3
1.4440E-3
3.0146E-3
2.7885E-3
1.7791E-3
2.7218E-3
3.2902E-3
2.6248E-3
2.3076E-3
-2.9743E-5
1.8321E-3
8.5950E-5
2.0847E-3
3.8970E-4
1.3736E-3
1.6432E-3
1.4886E-3
9.1603E-4
1.4151E-3
1.6385E-3
1.9179E-3
1.9159E-3
1.9757E-3
1.6455E-3
2.9338E-3
1.9817E-3
8.9169E-5
1.5940E-3
1.6421E-3
8.8143E-4
3.9659E-3
2.0641E-3
1.8919E-3
1.0906E-3
2.1783E-3
1.2665E-3
2.3270E-3
9.4250E-4
1.1568E-3
1.3116E-3
1.1670E-3
2.5459E-3
2.0417E-3
2.3301E-3
2.2101E-3
1.8068E-3
1.5839E-3
1.6415E-3
1.1911E-3
1.7946E-3
1.3258E-3
1.2304E-3
1.6526E-3
2.2187E-3
1.6507E-3
4.1644E-3
1.5363E-3
2.3904E-3
1.4109E-3
-2.6056E-4
2.8816E-3
2.3250E-3
1.1925E-3
3.7983E-4
4.0006E-3
1.1673E-3
1.6111E-3
5.3462E-4
8.9583E-4
2.1885E-3
8.4728E-4
2.1177E-3
2.1022E-3
1.6948E-3
1.9068E-3
2.4637E-3
1.8427E-3
4.4501E-4
1.2251E-3
5.2455E-4
2.2895E-3
1.4270E-3
1.9568E-3
-3.4133E-4
1.5200E-3
1.2515E-3
1.8303E-3
2.1620E-3
2.0210E-3
6.4993E-4
1.8381E-3
5.0423E-3
1.8199E-3
1.4541E-3
1.3793E-3
2.5557E-3
1.2262E-3
4.6885E-4
1.5786E-3
1.0501E-3
2.4668E-3
1.5371E-3
1.7546E-3
2.3548E-3
1.0954E-3
1.7464E-3
1.9425E-3
1.5637E-3
2.4655E-3
2.0655E-3
9.7060E-4
6.2606E-4
-2.8032E-4
2.1987E-3
1.2842E-3
2.4569E-3
2.2140E-3
2.0923E-3
1.7904E-3
1.1680E-3
4.1375E-4
2.3235E-3
3.0601E-4
1.5519E-3
2.0006E-3
2.2730E-3
2.0635E-3
1.8781E-3
1.6358E-3
8.7991E-4
1.6856E-3
1.8790E-3
6.9141E-4
2.5040E-3
2.2447E-3
4.4599E-3
2.3732E-3
4.3091E-3
5.2836E-3
2.3977E-3
2.3089E-3
2.8891E-3
2.3061E-3
5.5897E-4
2.3245E-3
2.3659E-3
1.5050E-3
9.8965E-4
3.1233E-5
-1.8258E-3
2.7535E-3
2.2967E-3
9.4026E-5
9.5817E-4
1.4391E-3
2.5820E-3
1.1755E-3
2.5621E-3
1.4497E-3
1.7198E-3
2.4922E-3
2.5344E-3
4.9256E-3
1.1103E-3
1.8366E-3
4.1389E-4
1.6373E-3
6.4692E-4
2.1208E-3
2.6115E-3
2.4670E-3
2.7175E-3
2.5857E-3
1.3300E-3
2.5319E-3
9.4289E-4
2.5420E-3
2.2995E-3
1.8281E-3
1.7537E-3
1.6282E-3
2.4436E-3
1.8726E-3
1.0572E-3
1.7189E-3
2.4321E-3
1.5077E-3
2.0399E-3
1.4982E-3
2.0193E-3
2.0510E-3
5.7650E-4
2.5430E-3
2.3791E-3
1.0734E-3
1.0409E-3
1.4904E-4
2.2943E-3
2.2104E-4
2.3019E-3
1.2145E-3
1.4133E-3
1.3781E-3
1.1516E-3
2.1493E-3
4.5753E-4
1.3468E-4
2.4925E-3
2.0140E-3
1.9206E-3
1.7076E-3
5.2324E-3
1.5045E-3
2.4144E-3
2.5937E-3
1.6349E-3
2.3358E-3
3.3629E-3
2.2666E-3
1.6850E-3
1.9931E-3
2.5548E-3
2.5885E-3
2.5632E-3
1.2295E-3
2.4213E-3
2.1626E-3
1.0732E-3
2.4031E-3
1.0037E-4
2.9513E-4
3.0819E-4
3.2428E-4
2.3871E-3
7.8043E-4
2.2376E-3
1.6770E-3
1.4233E-3
1.5234E-3
2.7867E-3
2.4550E-3
2.4294E-3
4.1407E-4
-3.9816E-5
-1.9327E-4
2.8442E-3
2.0868E-3
1.8173E-3
1.8071E-3
2.0879E-3
2.3801E-3
6.7279E-4
1.0969E-3
2.3905E-3
2.9024E-3
1.8418E-3
-2.8127E-4
4.4438E-4
2.7290E-4
1.7092E-3
1.6646E-3
2.6409E-3
3.2031E-3
2.8104E-3
2.6062E-3
2.6432E-3
1.2529E-3
2.1443E-3
3.7326E-3
2.4654E-3
1.7307E-3
2.6879E-3
4.5093E-3
2.5261E-3
2.1293E-3
1.9751E-3
6.9350E-4
2.4679E-3
8.2350E-4
1.8812E-3
2.5376E-3
5.9724E-5
-1.0234E-4
1.9777E-4
3.4523E-4
2.7972E-3
1.8633E-3
5.6612E-4
1.5635E-3
2.8342E-3
2.7009E-3
6.3056E-4
1.9704E-3
-2.7239E-4
-2.1148E-4
-3.8570E-4
-9.4053E-4
2.4468E-3
2.8735E-3
3.6937E-3
1.2596E-3
2.7441E-3
1.6908E-3
7.8192E-4
3.1605E-3
2.2836E-3
2.8670E-3
2.2012E-3
1.2428E-4
1.9103E-4
-8.9794E-4
3.6158E-3
9.3305E-4
2.8835E-3
3.1155E-3
4.0814E-4
2.3515E-3
2.9564E-3
2.1110E-3
2.7934E-3
1.2539E-3
2.2446E-3
2.7157E-3
2.6076E-3
2.3265E-3
2.9862E-5
2.3958E-3
1.0878E-3
2.0992E-3
1.4217E-3
2.1662E-3
3.1978E-3
2.2675E-3
2.3922E-3
2.7962E-3
1.9965E-3
1.1545E-3
1.2495E-3
2.0828E-3
2.5246E-3
5.0184E-4
1.7063E-3
1.6990E-3
2.6670E-3
2.8659E-3
2.5562E-3
-4.0522E-4
5.0346E-3
-1.1081E-4
2.6525E-3
2.4211E-3
1.9897E-3
1.0664E-3
1.4178E-3
1.6967E-3
-2.0674E-4
9.1353E-4
3.5846E-3
6.4716E-4
3.7575E-3
9.1097E-4
1.9663E-3
9.4780E-4
3.1488E-3
2.7223E-3
9.3669E-4
2.8963E-3
2.9300E-3
1.8010E-3
3.0220E-3
1.4347E-3
1.9447E-3
2.8925E-3
2.2405E-3
2.2666E-3
7.9423E-5
2.3825E-3
1.5784E-3
1.4989E-3
1.8974E-3
1.8436E-3
2.3696E-3
2.2072E-3
1.7175E-3
2.4754E-3
1.9009E-3
2.4238E-3
2.1027E-3
2.1324E-3
2.3259E-3
2.9161E-3
1.3118E-3
1.7180E-3
1.2918E-3
1.2014E-3
1.9252E-3
8.0454E-4
1.6616E-3
3.1056E-3
2.2267E-3
2.2182E-3
1.3433E-3
-1.3611E-4
7.2858E-4
9.3785E-4
1.8719E-4
8.4016E-4
2.3038E-3
5.6791E-4
8.8534E-4
1.6308E-3
2.1245E-3
2.5016E-3
5.4997E-4
2.0835E-3
2.3480E-3
2.4693E-3
1.7533E-3
4.8679E-3
2.8665E-3
2.4848E-3
5.0454E-3
1.5680E-3
3.5817E-3
1.6337E-3
1.8720E-3
2.5552E-3
2.1636E-3
1.5000E-3
2.3702E-3
1.6477E-3
1.2132E-3
1.6724E-3
1.8105E-3
1.7185E-3
2.8223E-3
1.0146E-3
1.6395E-3
1.9582E-3
1.1086E-4
2.2485E-3
2.2437E-3
1.3373E-3
2.9743E-3
2.3975E-3
4.1705E-3
2.6188E-3
2.5856E-3
4.9472E-3
2.4101E-3
1.5227E-3
1.8342E-3
1.8522E-3
4.6681E-3
8.2523E-5
6.1622E-4
1.7834E-3
2.8277E-3
9.2870E-4
1.7421E-3
1.8896E-3
2.2148E-3
2.4738E-3
2.7890E-3
1.4046E-4
2.6579E-3
2.0555E-4
1.9861E-3
2.4280E-3
3.9780E-4
9.6044E-4
1.1540E-3
1.6674E-3
1.9247E-3
4.5173E-3
2.0980E-3
1.8833E-3
1.6457E-3
3.4643E-3
1.4046E-3
1.3454E-3
1.4983E-3
2.4177E-3
1.6728E-3
2.2003E-3
2.3938E-3
1.6004E-5
2.3640E-3
2.7141E-3
1.6939E-3
2.0959E-3
2.2905E-3
1.0895E-3
1.9297E-4
1.7846E-3
5.3903E-4
4.4700E-3
2.8525E-3
5.3802E-4
1.2581E-3
1.9599E-3
8.7231E-4
2.2846E-3
2.0132E-3
2.1839E-3
7.2896E-5
1.3876E-3
1.8992E-3
2.4011E-3
1.6261E-3
1.7079E-3
1.8560E-3
2.5323E-3
2.0942E-3
1.0692E-3
1.1674E-3
8.2117E-4
1.1745E-3
1.9092E-3
1.1355E-3
2.1103E-3
1.7625E-4
2.3252E-3
2.8588E-3
2.2866E-3
2.8468E-3
1.4840E-3
3.0094E-4
2.1182E-3
2.4393E-3
2.2646E-3
4.8224E-3
2.0795E-3
2.3778E-3
1.4489E-3
2.1604E-3
2.4635E-3
7.4309E-4
2.0508E-3
2.4992E-3
1.7792E-3
7.7122E-4
4.0896E-3
9.1001E-4
4.8786E-3
1.1426E-3
1.7711E-3
2.7912E-3
1.3728E-3
1.8528E-3
1.3953E-3
2.4749E-3
2.0895E-3
2.5890E-3
1.9552E-3
2.3054E-3
2.5599E-3
7.5871E-4
2.2233E-3
9.5639E-4
1.7850E-3
2.4244E-3
1.4986E-3
1.5666E-3
1.0742E-3
1.8046E-3
1.2793E-3
-1.8704E-4
1.8474E-3
3.0307E-3
-3.0360E-4
4.2583E-3
1.2892E-3
8.7151E-4
2.7383E-3
6.0743E-4
4.0233E-5
2.7639E-3
3.2711E-3
2.4442E-3
3.0541E-3
4.9964E-3
2.5194E-3
4.0233E-5
2.3536E-3
1.7883E-3
9.5883E-4
6.2415E-4
2.3595E-3
2.9505E-3
9.8446E-4
-5.7191E-5
2.5952E-3
4.8895E-3
2.2564E-3
2.3797E-3
2.3052E-3
2.4330E-3
2.5711E-3
1.4561E-3
2.6996E-3
1.7909E-3
1.2780E-3
2.6673E-4
1.9566E-3
2.1937E-3
4.9919E-4
2.2860E-3
2.0520E-3
6.3229E-4
7.6306E-4
5.2789E-4
3.0105E-3
1.9432E-3
9.8190E-4
2.8028E-3
2.8129E-3
2.5132E-3
2.5962E-3
1.8196E-3
1.6976E-3
1.7612E-3
1.2064E-3
2.1902E-3
2.2855E-3
2.5951E-3
3.0856E-3
3.2235E-3
3.2868E-3
2.5541E-3
3.2585E-3
6.0999E-4
3.4610E-3
7.3081E-4
2.6417E-3
1.7033E-3
9.9909E-4
2.4250E-3
2.2212E-3
2.1582E-3
2.5761E-3
1.7473E-3
1.6757E-3
2.2651E-3
2.0134E-3
2.0711E-3
2.7211E-3
1.1498E-3
2.5816E-3
7.5546E-4
4.7925E-3
3.0903E-3
2.1339E-3
3.0507E-3
2.2610E-3
1.6944E-3
1.3793E-4
2.4207E-3
2.9858E-3
2.5692E-3
5.6180E-4
2.7959E-3
1.9403E-3
2.1580E-3
1.1939E-3
2.0349E-3
1.7875E-3
1.5916E-3
1.0869E-3
7.6431E-4
2.3510E-3
1.9978E-3
1.1033E-3
2.3300E-3
2.9120E-3
6.3055E-3
1.7970E-3
3.3877E-3
2.5515E-3
2.2141E-3
3.7085E-3
3.2583E-3
2.9018E-3
2.5875E-3
2.2106E-3
1.4669E-3
1.8620E-3
1.2844E-3
1.5359E-3
1.5434E-3
2.1201E-3
1.7885E-3
3.7161E-4
1.5983E-3
1.7327E-3
3.1284E-3
2.2857E-3
9.7957E-4
1.7264E-3
1.9257E-3
1.9190E-3
1.8658E-3
1.6570E-3
1.9907E-3
2.0952E-3
2.0768E-3
2.4619E-3
1.5610E-3
2.6464E-4
8.5896E-4
2.0093E-3
1.5332E-3
1.7326E-3
1.5051E-3
2.0364E-4
2.2018E-3
1.5271E-3
3.3742E-3
1.2877E-3
7.7784E-6
2.0608E-3
1.5301E-3
2.2219E-3
3.0455E-4
1.2157E-3
7.6169E-4
2.1027E-3
-2.5064E-4
1.2637E-3
2.3097E-4
2.8870E-3
2.6800E-3
2.0393E-3
1.7978E-3
2.1828E-3
3.0573E-3
2.8198E-3
1.9312E-3
3.7470E-4
2.4709E-3
2.0057E-3
1.5793E-3
1.3755E-3
1.6085E-3
2.0555E-3
6.0147E-4
1.8532E-3
1.8479E-3
6.2096E-4
2.4809E-3
1.7694E-3
2.0008E-3
1.9869E-3
2.5038E-3
8.4230E-4
1.8770E-3
9.0092E-4
2.3412E-3
1.1968E-3
5.0464E-4
2.1642E-4
1.3332E-3
2.2043E-3
8.9842E-4
1.1429E-3
1.3683E-3
2.3341E-3
2.6622E-4
1.7041E-3
2.1457E-3
1.3838E-3
1.8952E-3
1.3485E-3
2.4363E-3
2.2055E-3
1.7596E-3
4.7550E-4
2.5205E-3
8.8635E-4
2.8140E-3
1.6489E-3
2.4219E-3
2.2772E-3
2.4841E-3
4.6169E-3
6.6617E-4
4.3763E-3
1.8714E-3
2.6019E-3
1.6383E-3
2.2944E-3
2.2664E-3
7.8768E-4
2.2982E-3
1.7211E-3
3.7450E-4
1.5032E-3
2.1411E-3
2.4891E-3
1.6227E-3
2.6922E-3
1.2438E-3
1.7554E-3
2.2720E-3
2.5753E-3
2.0264E-3
1.2153E-3
2.3127E-3
1.7103E-3
1.4179E-3
1.4328E-3
3.2803E-4
3.6611E-3
5.5322E-4
7.7310E-4
1.5014E-3
1.3754E-3
1.6395E-3
2.5679E-3
2.4377E-3
-1.2809E-4
1.5706E-3
5.3138E-4
7.3108E-4
3.5653E-4
1.4365E-3
3.1403E-4
1.5930E-3
2.4180E-3
2.1122E-3
2.1124E-3
1.8966E-3
2.5033E-3
1.2524E-3
2.2983E-3
1.8203E-3
1.8407E-3
2.1474E-3
7.6365E-4
2.8237E-3
2.6700E-3
2.5193E-3
1.9885E-3
2.5634E-3
1.4634E-3
1.3311E-3
5.2661E-4
1.6120E-3
4.8427E-3
1.5610E-3
2.0991E-3
1.9708E-3
3.2166E-4
2.6359E-3
1.3582E-3
7.1818E-4
2.2843E-3
2.0400E-3
2.4048E-3
2.6120E-3
2.4337E-3
2.5004E-3
5.4550E-3
1.6515E-3
6.6727E-4
1.1820E-4
2.1353E-3
1.9321E-3
2.8275E-3
2.5347E-3
1.5748E-3
1.9184E-3
2.2182E-3
1.0087E-3
2.0816E-3
2.6913E-3
1.5858E-3
2.3288E-3
1.2921E-3
-2.4766E-5
1.8435E-3
2.3975E-3
4.7639E-4
2.2393E-3
4.5688E-3
1.6763E-3
9.1398E-4
2.3486E-3
2.1883E-3
1.1516E-3
1.1666E-3
2.1779E-3
2.8792E-3
2.4815E-3
1.8844E-3
2.4008E-3
1.4165E-3
2.0517E-3
1.8324E-3
2.3683E-3
2.3070E-3
4.7973E-4
7.5579E-4
1.5890E-3
2.5884E-3
1.7566E-3
1.0148E-3
5.6624E-7
2.8589E-3
2.3547E-3
8.0889E-4
3.3522E-3
1.0850E-3
-3.7363E-4
1.2434E-3
4.9412E-4
1.3146E-3
2.2791E-3
1.9950E-3
2.3813E-3
2.6810E-3
2.3669E-3
2.6263E-3
2.5130E-3
2.6336E-3
3.0351E-3
4.0919E-4
3.6164E-3
0.0000E+0
1.6136E-3
2.6640E-3
2.9948E-3
2.9404E-3
3.4141E-3
2.1069E-3
2.2469E-3
3.7321E-4
2.0876E-3
3.0120E-3
1.5067E-3
1.7571E-3
1.3660E-3
2.7214E-3
2.6737E-3
2.1371E-3
1.3209E-3
3.9008E-4
2.0784E-3
1.6645E-3
2.2803E-3
2.8108E-3
2.6195E-3
2.3005E-3
2.1439E-3
7.0217E-4
7.3463E-5
2.9144E-3
1.9350E-3
2.5913E-3
4.8718E-4
1.3723E-3
8.2284E-4
4.8080E-4
1.4662E-3
1.5832E-3
1.5483E-3
5.3421E-4
-3.8343E-3
2.8835E-3
1.5045E-3
2.0148E-3
3.2610E-3
3.4860E-4
1.7322E-3
2.4377E-3
2.3758E-3
2.4831E-3
2.4730E-3
2.8172E-3
1.8140E-3
2.0508E-3
2.6416E-3
3.1103E-3
1.8549E-4
2.8632E-3
2.7325E-3
2.9821E-3
1.5443E-3
2.8838E-3
2.0500E-3
3.1342E-3
3.2951E-3
2.4025E-3
3.2563E-3
2.6758E-3
1.8784E-3
2.5820E-3
1.7462E-3
2.6775E-3
2.7872E-3
2.4700E-3
1.3100E-3
2.1484E-3
2.6760E-3
3.0103E-4
1.8737E-3
4.7083E-3
-2.6229E-4
6.3422E-4
2.7275E-3
2.0413E-3
1.3722E-3
4.4704E-3
1.8148E-3
7.2107E-4
5.1239E-4
1.2059E-3
2.1347E-3
2.4384E-3
2.0133E-3
3.2491E-3
2.1941E-3
2.3981E-3
1.3684E-3
2.1258E-3
3.0747E-3
2.2201E-3
1.4678E-3
1.4553E-3
9.4545E-4
2.3032E-3
2.8341E-3
2.3187E-3
5.7460E-3
7.5638E-4
2.4198E-3
6.4567E-4
-1.6215E-4
2.9732E-3
2.3574E-3
2.5778E-3
2.7768E-3
1.0725E-3
2.6335E-3
2.0161E-4
3.3545E-3
-8.6993E-5
2.5915E-3
1.6956E-3
1.4241E-3
6.0120E-4
1.6670E-3
1.6739E-3
2.2657E-3
1.1039E-3
1.7407E-3
1.7876E-3
5.2983E-4
3.1769E-3
1.6159E-3
1.3391E-3
1.9161E-3
2.0219E-3
1.8452E-3
6.7610E-4
1.5391E-3
1.9920E-3
-1.6883E-4
7.0262E-4
6.1503E-4
7.3722E-4
2.2070E-3
1.9918E-3
2.5215E-3
1.3970E-3
1.1502E-3
2.1721E-3
1.4860E-3
7.4303E-4
1.9916E-3
2.0694E-3
7.7230E-4
2.3114E-3
1.1351E-3
1.8284E-3
1.8144E-3
1.0870E-3
1.0906E-3
2.6024E-3
2.2399E-3
8.4260E-4
2.0446E-3
8.7050E-4
1.4971E-3
1.4223E-3
2.2618E-3
2.6443E-3
4.0681E-3
2.1310E-3
2.1537E-3
2.0212E-3
1.5479E-3
2.1384E-3
4.6000E-4
1.5746E-3
1.6465E-3
2.5913E-3
4.1589E-4
1.1883E-3
1.2229E-3
1.0906E-3
1.7020E-3
2.9861E-3
2.2468E-3
-6.4999E-5
8.4499E-4
3.4262E-3
7.3802E-4
1.0529E-4
2.0534E-4
1.7543E-3
1.2234E-4
1.8996E-3
2.1453E-3
2.4280E-3
1.5767E-3
2.5027E-3
2.7205E-3
2.1150E-3
1.0487E-3
1.9231E-3
2.0759E-3
1.4566E-3
2.3937E-3
1.3954E-3
1.8538E-3
7.0482E-4
1.8498E-3
3.0077E-3
1.6566E-3
2.4005E-3
2.2318E-3
1.3637E-3
8.0356E-4
1.7625E-3
2.4233E-3
2.0816E-3
2.2850E-3
2.7694E-3
2.6958E-3
1.1409E-3
2.0289E-3
2.8134E-3
2.3042E-3
-2.0272E-4
4.9600E-4
2.2039E-3
1.3317E-3
1.8387E-3
2.1964E-3
1.6880E-3
2.7287E-4
1.9131E-3
2.0604E-3
1.5133E-3
1.3072E-3
2.2224E-3
1.2043E-3
2.1342E-3
1.2398E-4
2.4388E-3
3.9077E-3
3.1294E-3
1.9384E-3
2.1244E-3
2.1368E-3
2.0536E-3
1.3707E-3
2.2855E-3
7.4947E-4
7.1713E-4
2.4173E-3
1.3094E-3
2.3681E-3
2.2791E-3
2.3034E-3
2.7130E-3
2.7070E-3
2.4068E-4
2.7984E-3
1.0908E-3
2.0729E-3
2.5283E-3
2.1039E-3
2.2843E-3
2.6949E-3
2.1690E-3
1.5408E-4
1.3047E-3
2.6708E-3
1.8565E-3
2.2269E-3
7.5233E-4
1.7906E-3
2.4953E-3
2.8342E-5
1.9253E-3
5.9754E-4
2.0904E-3
2.3380E-3
1.9832E-3
9.1612E-4
1.3537E-3
2.9967E-3
1.4921E-3
1.9097E-3
2.4641E-3
1.4659E-3
1.3743E-3
1.3886E-3
7.7856E-4
1.8968E-3
1.9067E-3
5.0524E-4
2.2856E-3
2.1291E-3
3.2230E-3
2.1324E-3
2.1501E-3
1.4201E-3
6.5440E-4
1.4404E-3
2.6160E-3
1.9377E-3
1.9346E-3
2.7596E-3
2.6852E-3
1.3759E-3
5.1126E-3
2.7887E-3
2.9828E-3
8.4266E-4
2.4351E-3
2.1324E-3
2.2601E-3
3.0016E-3
2.8912E-3
2.9120E-3
3.1106E-3
2.6964E-3
2.2684E-3
5.7859E-3
5.8019E-3
2.0875E-3
2.0865E-3
2.2931E-3
1.7925E-3
2.3783E-3
1.8173E-3
5.3026E-3
4.4230E-4
4.3450E-3
2.0584E-3
3.7804E-3
2.2430E-3
2.9500E-3
2.2912E-3
1.8221E-3
2.0311E-3
2.1603E-3
3.6675E-4
2.1993E-3
1.5719E-3
2.2825E-3
2.4270E-3
2.5471E-3
1.9774E-3
2.6486E-3
2.1702E-3
-1.1253E-4
6.7553E-4
1.9798E-4
1.4258E-3
1.4580E-3
1.0501E-3
1.9290E-3
2.6598E-3
2.5631E-3
2.3224E-3
3.0232E-3
2.3994E-3
8.8477E-4
2.6205E-3
2.7915E-3
3.3203E-3
2.5790E-3
3.0261E-3
3.0188E-3
2.3178E-3
2.6090E-3
3.1877E-3
2.8988E-3
1.2771E-3
3.1001E-3
1.6704E-3
2.4211E-3
2.4035E-3
2.8677E-3
3.0283E-3
4.1440E-4
2.9700E-3
1.9374E-3
2.3707E-3
2.0253E-3
4.6827E-3
1.7011E-3
2.3705E-3
2.8367E-3
1.6570E-3
2.5329E-3
2.8134E-3
2.6431E-3
2.9553E-3
2.1123E-3
1.9442E-3
1.1109E-3
2.3445E-3
5.6210E-4
1.9786E-3
1.9054E-3
1.4939E-3
5.2440E-4
-2.8592E-4
7.2202E-4
1.2022E-4
2.8130E-3
2.7777E-3
3.0813E-3
4.9134E-3
2.7277E-3
2.8332E-3
5.9714E-3
2.5212E-3
2.6097E-3
2.1105E-3
2.7955E-3
1.1006E-3
1.6553E-3
3.0581E-3
2.4821E-3
1.5151E-3
2.4861E-3
2.7502E-3
8.2579E-4
2.8143E-3
1.1065E-3
3.0430E-3
3.1668E-3
5.7335E-3
1.1977E-3
2.4011E-3
-2.7734E-4
7.5084E-4
4.3321E-4
1.4078E-3
1.1868E-3
1.0353E-3
1.0423E-3
-4.1220E-4
2.0611E-3
1.8517E-3
1.0458E-3
4.3538E-4
-4.3046E-4
4.6909E-5
6.6060E-4
3.3987E-3
2.0457E-3
9.0563E-4
2.2993E-3
9.3815E-4
8.7410E-4
3.5888E-4
1.6789E-3
2.0890E-3
2.0700E-3
3.2514E-5
4.1255E-4
1.8606E-4
-3.5256E-5
5.8919E-4
2.2616E-3
2.0413E-3
2.4126E-3
4.8282E-3
1.9341E-3
4.8878E-3
1.7103E-3
4.9282E-3
2.3153E-3
-3.9935E-6
5.5167E-4
8.1331E-4
2.0902E-3
1.9077E-3
2.3721E-3
1.9677E-3
8.1465E-4
2.8490E-3
1.6122E-3
9.3639E-4
1.2807E-3
6.1134E-4
4.6319E-4
6.5586E-4
6.6829E-4
3.0622E-4
1.6170E-3
1.2907E-3
1.4731E-3
2.3549E-3
1.9454E-3
1.9981E-3
1.6170E-3
1.1261E-3
-3.1283E-4
-1.6153E-4
5.1722E-4
2.1300E-3
2.2890E-3
1.0291E-3
2.2616E-3
1.2462E-3
4.3364E-3
2.2534E-3
2.4265E-3
2.4935E-3
1.4116E-3
6.2823E-4
2.5913E-4
-3.9244E-4
-8.3387E-5
2.8588E-3
2.3896E-3
1.6323E-3
4.8313E-3
1.9670E-3
2.0365E-3
1.9983E-3
2.1945E-3
2.4912E-3
2.7269E-3
4.9472E-6
1.1098E-4
6.7663E-4
2.0843E-3
1.3862E-3
5.0325E-3
2.6544E-3
2.2684E-3
3.8027E-3
2.4634E-3
1.2373E-3
1.0064E-3
1.3402E-3
4.5916E-4
9.0849E-4
1.1712E-3
1.9748E-3
1.8103E-3
2.1068E-3
2.2766E-3
6.8626E-4
1.5050E-3
1.1562E-3
2.3462E-3
2.4025E-3
3.4085E-3
2.7807E-3
2.2504E-3
4.6655E-3
1.8965E-3
1.8767E-3
2.6101E-3
2.1231E-3
1.4215E-3
2.3876E-3
1.9403E-3
2.9127E-3
2.3852E-3
-1.2287E-4
-2.2244E-4
2.3456E-3
2.6708E-3
2.3772E-3
2.5874E-3
2.1684E-3
2.0958E-3
2.3977E-3
1.1960E-3
2.7205E-3
1.4246E-3
7.3260E-4
3.5282E-3
2.6478E-3
1.3911E-3
1.8711E-3
2.0438E-4
4.8593E-3
1.2904E-3
7.5758E-5
2.3036E-3
1.2410E-3
2.4994E-3
1.3967E-3
1.1594E-3
1.3860E-3
1.5294E-3
1.6619E-3
1.0699E-3
5.0795E-4
2.4152E-3
1.0046E-3
1.3284E-3
1.2405E-3
2.2888E-3
2.4734E-3
2.2088E-3
7.8759E-4
2.2415E-3
-2.2149E-4
1.0229E-3
2.3026E-3
5.3366E-3
2.1709E-3
2.8782E-3
2.0746E-3
2.2861E-4
1.6334E-3
2.4215E-3
2.2128E-3
2.1554E-3
2.5106E-3
9.1517E-4
-1.9813E-4
1.1060E-4
-1.1629E-4
-2.4876E-4
2.4902E-3
1.2809E-3
9.3940E-4
3.2614E-3
2.7522E-3
1.9169E-3
2.5949E-3
2.4964E-3
8.8441E-4
2.7558E-3
2.7143E-3
2.3334E-3
2.5514E-3
3.9074E-3
1.9538E-3
1.2352E-3
3.1581E-3
1.2284E-3
2.5633E-3
3.1329E-3
2.7080E-3
2.9987E-3
1.9691E-3
2.2434E-3
1.1043E-3
2.5777E-3
2.8935E-3
2.3664E-3
1.3935E-3
2.4498E-3
3.3787E-4
1.1688E-3
2.8641E-3
2.2826E-3
2.5128E-3
3.3687E-3
2.1233E-3
2.5842E-3
2.4610E-3
-1.0899E-4
1.2820E-3
2.7208E-3
2.6719E-3
2.5049E-3
3.1117E-3
2.3035E-3
2.8750E-3
2.7256E-3
1.3649E-5
1.8734E-4
-9.1374E-5
2.2733E-3
1.4891E-3
1.3679E-3
1.2905E-3
2.2664E-3
1.7328E-3
1.4532E-3
2.3928E-3
8.5354E-4
1.2180E-4
2.7143E-3
1.2670E-3
2.0067E-3
2.6901E-3
2.5358E-3
1.7828E-3
1.5932E-3
9.8982E-4
3.0530E-3
1.3267E-3
6.3531E-3
2.5111E-3
1.9168E-3
2.6037E-3
9.7013E-4
2.4503E-3
2.7620E-3
2.5673E-3
2.4037E-3
1.5285E-3
2.5460E-3
1.5141E-3
2.4024E-3
9.2119E-4
3.4116E-3
1.7251E-3
2.1671E-3
3.0157E-3
2.3977E-3
1.5751E-3
2.5654E-3
2.3969E-3
1.2228E-3
2.7840E-3
1.7320E-3
1.4780E-3
1.4016E-3
1.9418E-3
1.8033E-3
2.2357E-3
9.9880E-4
2.7629E-3
3.0178E-3
5.3951E-4
1.1568E-3
2.7248E-3
9.2453E-4
2.2150E-3
2.3373E-3
2.1994E-3
2.7074E-3
2.5139E-3
1.9777E-3
2.3803E-3
3.8599E-3
1.0290E-3
5.5196E-3
3.2454E-3
3.3647E-3
3.4743E-3
5.8309E-3
2.9042E-3
2.9743E-3
2.7873E-3
9.2891E-4
1.4631E-3
5.9581E-4
1.8294E-3
9.2298E-4
1.4580E-3
1.5455E-3
-1.7720E-4
3.6459E-3
7.2560E-4
8.0621E-4
1.6325E-3
1.1569E-3
1.1642E-3
1.4530E-3
2.0215E-3
1.1871E-3
1.7901E-3
2.0275E-3
1.6643E-3
1.1332E-3
2.1293E-3
1.5271E-3
7.6237E-4
1.9549E-3
6.6221E-5
2.0504E-3
1.2377E-3
1.6197E-3
2.1712E-3
1.5046E-3
1.7144E-3
1.9132E-3
3.7897E-3
1.7151E-3
2.0237E-3
8.9416E-4
1.7093E-3
-2.0534E-5
1.5321E-4
2.1091E-3
1.4731E-4
1.0991E-3
4.2567E-4
2.4343E-3
1.8362E-3
1.5873E-3
-4.2915E-6
1.9688E-3
2.5318E-3
1.1507E-4
3.8340E-3
2.2826E-3
2.4168E-3
2.0840E-3
4.8456E-4
2.0694E-3
1.4162E-3
9.5445E-4
1.8937E-3
2.2506E-3
1.7661E-3
2.0783E-3
1.3105E-3
1.2087E-3
1.8494E-3
1.5353E-3
2.2917E-3
2.3895E-3
2.2160E-3
1.3486E-3
4.7544E-4
2.1550E-3
1.8637E-3
2.3109E-3
1.4596E-3
2.4466E-3
2.5924E-3
2.1209E-3
1.7006E-3
2.8806E-3
2.2216E-3
2.3271E-3
1.7993E-3
-3.8007E-4
1.3666E-3
2.2068E-3
7.9122E-4
2.3427E-3
2.4081E-3
2.5204E-3
2.5319E-3
2.4923E-3
2.6835E-3
2.5539E-3
7.4384E-4
1.8250E-3
2.1597E-3
2.3167E-3
1.8076E-3
1.7295E-3
3.0119E-3
5.9876E-4
1.9096E-3
1.7482E-3
1.4567E-3
1.0381E-3
2.0415E-3
1.9423E-3
-2.1726E-5
1.4129E-3
1.8747E-3
2.2840E-3
6.7493E-4
1.9084E-3
2.2378E-3
2.3745E-3
1.6574E-3
2.5651E-3
2.3215E-3
1.6201E-3
1.9483E-3
1.9156E-3
1.9359E-3
2.1764E-3
1.5119E-3
2.4992E-4
1.6747E-3
1.7460E-3
2.0317E-3
4.6502E-3
1.5321E-3
4.7460E-3
2.4342E-3
1.5692E-3
2.0475E-3
2.4182E-3
3.1384E-3
2.6201E-3
2.3600E-3
2.3945E-3
1.9853E-3
1.8728E-3
2.1603E-3
1.5059E-3
2.9607E-3
2.1497E-3
-1.4246E-4
2.4654E-3
2.2991E-3
2.7794E-3
2.6340E-3
7.4854E-4
2.5797E-3
1.0315E-3
4.5116E-3
-2.2632E-4
2.3653E-3
2.3274E-3
2.2326E-3
2.7040E-3
1.9776E-3
2.6003E-3
1.1469E-3
8.9553E-4
1.3719E-3
1.6396E-3
2.1612E-3
2.2992E-3
2.3925E-3
2.5126E-3
3.2432E-3
1.1005E-3
9.1082E-4
4.8801E-3
4.4940E-3
8.5592E-4
2.3780E-3
2.5453E-3
2.6149E-3
4.9940E-3
2.3823E-3
2.5553E-3
1.6671E-3
2.1233E-3
2.3348E-3
2.7862E-3
2.6234E-3
2.3716E-3
2.0459E-3
2.3397E-3
2.2467E-3
1.7735E-3
2.1771E-3
1.7436E-3
1.8708E-3
1.4679E-3
1.8199E-3
1.9697E-3
2.0624E-3
1.3496E-3
2.3186E-3
2.3937E-3
2.7274E-3
2.1857E-3
2.7753E-3
2.8216E-3
1.4062E-3
1.9894E-3
2.3499E-3
2.5796E-3
3.3141E-3
1.8147E-3
2.1984E-3
7.9492E-4
1.3445E-3
3.7408E-3
2.3469E-3
2.5785E-3
1.9445E-3
1.3650E-3
1.4757E-3
2.2041E-3
2.3746E-3
1.0776E-3
1.1982E-3
1.8356E-3
2.4574E-3
2.3845E-3
2.3071E-3
2.2392E-3
1.2496E-3
1.3439E-3
2.1352E-3
1.8931E-3
1.9330E-3
1.9721E-3
1.8888E-3
2.4332E-3
9.7007E-4
2.7922E-3
2.8009E-3
5.3325E-3
1.0065E-3
2.1236E-3
2.4363E-3
2.2385E-3
2.3889E-3
5.5167E-3
2.0420E-3
2.7210E-3
1.9429E-3
2.4250E-3
3.1553E-3
-1.8442E-4
1.8249E-3
1.8048E-3
1.5175E-3
2.1116E-3
1.7684E-3
2.4510E-3
2.5197E-3
2.6701E-3
1.6546E-3
1.9597E-3
2.4379E-3
2.9084E-3
2.0236E-3
1.7052E-3
4.6267E-3
2.6252E-3
1.1435E-3
4.4327E-3
2.6499E-3
2.0925E-3
2.5052E-3
1.8655E-3
8.8015E-4
2.1386E-3
2.3640E-3
1.1723E-3
1.5173E-3
2.4227E-3
4.7253E-3
5.3772E-3
1.1986E-3
3.2480E-3
1.9612E-3
1.0332E-3
2.0486E-3
2.8537E-3
2.6744E-3
2.6595E-3
1.3602E-3
1.1674E-4
2.3381E-3
2.5450E-3
2.3425E-3
2.2881E-3
1.8948E-3
8.9583E-4
2.0376E-3
2.8709E-3
1.3206E-3
2.7215E-3
2.7171E-3
2.1816E-3
2.5276E-3
1.1495E-3
3.2318E-3
1.7008E-3
2.8743E-3
2.2340E-3
4.0302E-4
2.1897E-3
6.9985E-4
2.1408E-3
1.5965E-4
1.0442E-3
2.6595E-3
2.3005E-3
4.5821E-3
2.0109E-3
2.1527E-3
2.1896E-3
5.7325E-4
6.7800E-4
2.4502E-3
2.6755E-3
-1.9747E-4
2.3177E-3
2.6569E-3
2.5889E-3
2.5751E-3
1.3120E-3
1.7175E-3
2.1234E-3
2.6468E-3
2.0596E-3
2.1054E-3
3.7196E-4
2.2747E-3
2.5846E-3
1.0290E-3
2.8272E-3
1.0087E-3
2.7989E-3
2.8298E-3
2.6215E-3
1.5635E-3
2.4710E-3
1.1653E-3
2.7981E-3
2.6500E-3
3.0322E-3
2.6648E-3
2.2448E-3
2.8289E-3
2.7511E-3
2.7854E-3
3.3046E-3
2.5344E-3
2.7569E-3
2.9680E-3
1.7439E-3
1.8602E-3
2.1916E-3
1.9719E-3
1.1916E-3
1.7784E-3
2.0162E-3
2.0089E-3
3.9778E-3
1.6500E-3
5.3498E-4
1.2813E-3
1.5805E-3
1.4161E-3
1.7094E-3
1.6272E-3
1.5491E-3
2.0779E-3
2.0404E-3
1.0800E-3
1.6267E-3
1.7252E-3
6.3950E-4
3.7321E-3
1.8005E-3
1.4101E-3
4.2161E-3
1.3205E-3
4.6986E-3
1.4725E-3
3.1593E-3
4.3221E-3
1.4648E-3
1.7529E-3
2.3372E-3
8.0189E-4
3.9065E-3
1.9898E-3
2.1385E-3
2.3759E-3
1.9906E-3
1.9184E-3
2.3343E-3
1.3178E-3
2.3475E-3
2.0639E-3
3.7630E-3
2.2692E-3
7.6184E-4
2.1649E-3
1.9790E-3
2.0660E-3
1.5365E-3
1.8479E-3
3.9233E-3
3.9309E-4
2.0914E-3
1.4888E-3
2.5729E-3
4.6363E-4
1.1503E-3
1.8031E-3
1.3311E-3
1.3023E-3
1.9484E-3
1.9703E-3
1.9117E-3
1.4802E-3
2.4468E-3
1.8693E-3
2.0527E-3
1.4688E-3
2.1047E-3
2.3379E-3
2.5760E-3
1.9092E-3
1.4618E-3
2.4315E-3
-2.5111E-4
1.7178E-3
1.3406E-2
2.0111E-3
2.1548E-3
9.7129E-4
2.0857E-3
1.0823E-3
2.7530E-3
2.5281E-3
2.4310E-3
2.1516E-3
2.1221E-3
1.5035E-3
3.1464E-3
1.7651E-3
8.1971E-4
2.4596E-3
2.0439E-3
1.3136E-3
4.0586E-3
1.0547E-3
1.7875E-3
2.2020E-3
1.8082E-3
3.4354E-3
6.0841E-4
1.8490E-3
2.4054E-3
2.0449E-3
7.3418E-4
4.0331E-3
3.8259E-3
2.7140E-3
1.7667E-3
1.8100E-3
2.2547E-3
3.9226E-4
1.4051E-3
2.2396E-3
1.6252E-3
9.7731E-4
9.0238E-4
2.5101E-3
2.2480E-3
1.5135E-3
2.6358E-3
4.3646E-3
2.8640E-3
4.3813E-3
2.6001E-3
9.5135E-4
2.0595E-3
2.2236E-3
1.9055E-3
2.4638E-3
9.6670E-4
2.2789E-3
-3.4741E-4
4.3259E-3
2.4629E-3
1.9124E-3
2.4109E-3
2.6723E-3
2.3952E-3
2.4559E-3
2.1287E-3
2.3528E-3
2.9815E-3
2.8679E-3
2.9084E-3
2.1441E-3
2.6026E-3
1.5257E-3
3.1095E-3
5.6011E-3
2.8226E-3
2.4660E-3
4.3583E-3
2.1565E-3
4.2293E-3
2.8527E-3
1.3878E-3
2.3181E-3
2.4129E-3
2.3932E-3
5.1257E-3
2.2285E-3
2.6019E-3
2.7329E-3
1.3136E-3
2.5066E-3
1.7238E-3
2.4933E-3
1.9265E-3
2.3949E-3
1.9514E-3
2.1893E-3
1.4231E-3
2.9609E-3
3.8715E-3
2.2707E-3
2.6078E-3
2.2699E-3
1.6802E-3
2.5818E-3
1.6509E-3
1.2971E-3
3.2753E-5
5.1960E-3
3.6901E-4
1.2216E-3
2.5364E-3
5.5219E-3
5.3614E-4
2.1292E-3
2.6780E-3
2.4421E-3
1.6553E-3
2.1827E-3
1.4962E-3
2.3440E-3
2.8644E-3
2.8056E-3
2.9752E-3
2.9511E-3
2.6912E-3
2.2208E-3
2.2647E-3
3.1772E-3
2.4163E-3
1.4169E-3
2.3112E-3
1.4191E-3
2.3267E-3
5.1938E-3
2.7170E-3
2.0116E-3
2.2467E-3
1.9638E-3
1.7336E-3
2.4699E-3
2.3538E-3
4.7106E-3
1.0326E-3
2.4910E-3
2.4112E-3
5.2515E-3
1.3478E-3
2.3780E-3
2.5482E-3
2.5857E-3
2.4876E-3
1.6652E-3
3.1025E-3
2.5949E-3
2.7137E-3
1.2335E-3
2.5492E-3
2.3869E-3
1.5172E-3
2.5568E-3
2.3397E-3
1.5338E-3
2.6109E-3
-4.5618E-4
-5.7131E-5
1.1600E-3
2.9463E-3
2.9156E-4
-1.4302E-4
2.4981E-3
2.7945E-3
2.3805E-3
2.1123E-3
1.5432E-3
9.6604E-4
2.8426E-3
5.3481E-3
3.4661E-3
1.1291E-3
1.6703E-3
2.4216E-3
1.2849E-3
2.3527E-3
1.7452E-3
2.5077E-3
1.7312E-3
1.8440E-3
2.8717E-3
2.4530E-3
1.6517E-3
1.8200E-3
2.2228E-3
2.8565E-3
1.3917E-3
2.7755E-3
7.9170E-4
2.3782E-3
2.6189E-3
9.3135E-4
2.7018E-3
1.0353E-3
5.2219E-3
1.6443E-3
2.7517E-3
1.6842E-3
1.6420E-3
2.0221E-3
2.7411E-3
2.7164E-3
3.2959E-3
2.9436E-3
2.6764E-3
2.4356E-3
3.0752E-3
2.0580E-3
2.3254E-3
8.3798E-4
2.4269E-3
2.1971E-3
1.4553E-3
2.9101E-3
2.6725E-3
2.8702E-3
2.9919E-3
1.6258E-3
3.4410E-3
2.9386E-3
2.4199E-3
3.7523E-3
2.7150E-4
3.2690E-3
2.9599E-3
1.2699E-3
2.1105E-3
1.5701E-3
1.7505E-3
1.8409E-3
2.0669E-3
1.6254E-3
1.2145E-3
2.0894E-3
1.7208E-3
2.5000E-3
2.7329E-5
1.8501E-3
1.8692E-3
1.6972E-3
-2.0704E-4
1.6544E-3
1.8793E-3
1.8047E-3
1.9165E-3
2.1415E-3
4.0576E-3
2.0098E-3
1.8272E-3
-1.2079E-4
2.0011E-3
-6.9261E-4
4.3438E-3
1.8714E-3
1.5584E-3
2.2477E-3
1.7783E-3
2.2849E-3
2.4815E-3
9.1273E-4
8.9762E-4
1.3036E-3
1.7003E-3
1.2912E-3
1.1909E-3
2.3928E-3
1.9868E-3
2.4149E-3
1.4085E-3
2.0203E-3
1.7657E-3
2.3620E-3
2.0074E-3
2.1437E-3
4.0767E-4
2.0109E-3
2.0718E-3
1.8747E-3
1.5132E-3
2.6601E-3
3.9618E-3
6.7893E-4
2.2589E-3
3.4751E-3
2.2234E-3
2.0997E-3
1.3889E-3
2.0865E-3
2.3873E-3
1.6572E-3
1.9140E-3
1.4830E-3
2.4091E-3
4.1137E-3
1.7961E-3
2.4107E-3
1.9046E-3
2.8175E-3
1.3051E-3
1.8643E-3
2.2397E-3
5.0413E-3
2.0051E-3
2.7758E-3
2.3997E-3
-6.2171E-3
2.2766E-3
2.0977E-3
2.5528E-3
1.9199E-3
1.5738E-3
1.5731E-3
2.5764E-3
2.2524E-3
2.6585E-3
2.5622E-3
1.8161E-3
1.6240E-3
1.1965E-3
2.1991E-3
2.3354E-3
3.2029E-3
1.1878E-3
2.3036E-3
2.1303E-3
4.4021E-3
2.6178E-3
2.2671E-3
2.3296E-3
2.1357E-3
1.5831E-4
5.1448E-4
4.2445E-3
1.6954E-3
2.2586E-3
2.3472E-3
6.9162E-4
2.4240E-3
2.4891E-3
1.3196E-3
2.3496E-3
1.2474E-3
1.1348E-3
5.1437E-3
2.2662E-3
1.9664E-3
2.0573E-3
2.5181E-3
2.3930E-3
2.1667E-3
1.8270E-3
3.6631E-3
2.1970E-3
2.3083E-3
2.0604E-3
2.2642E-3
2.4181E-3
-7.0113E-3
1.1993E-3
8.8605E-4
1.9692E-3
1.5582E-3
1.4875E-3
2.3353E-3
2.0324E-3
2.4379E-3
2.1725E-3
2.6000E-3
2.3348E-3
1.6272E-3
2.5498E-3
2.1535E-3
1.7253E-3
1.5033E-3
3.3741E-3
2.3825E-3
2.5929E-3
1.7918E-3
2.9457E-3
2.6061E-3
1.9640E-3
2.5405E-3
2.6378E-3
2.4007E-3
2.2373E-3
1.6921E-3
2.3620E-3
2.4019E-3
2.7020E-3
1.6315E-3
1.2502E-3
1.1420E-3
2.6765E-3
1.5196E-4
4.2248E-4
2.6950E-4
2.1561E-3
1.0179E-3
2.7566E-3
8.8996E-4
6.6203E-4
1.7050E-3
3.1290E-3
2.4656E-3
5.4872E-4
1.3237E-3
2.4563E-4
4.0644E-4
1.4341E-4
2.3156E-3
2.2150E-3
2.3763E-3
2.3534E-3
2.5741E-3
4.7286E-3
1.0186E-3
2.0690E-3
3.3921E-3
2.1799E-3
2.5642E-3
1.5700E-4
2.5982E-4
4.7052E-4
2.6581E-3
2.6862E-3
2.5555E-3
1.8528E-3
5.7325E-3
2.4568E-3
2.1152E-3
5.0364E-3
1.0232E-3
1.4448E-3
2.5738E-3
8.7839E-4
2.7635E-3
2.3259E-3
2.7438E-3
2.3758E-3
2.3516E-3
2.4475E-3
2.0695E-3
2.4778E-3
1.6463E-3
7.9560E-4
3.5703E-5
2.4489E-4
4.3485E-4
2.0494E-3
2.4659E-3
3.5318E-3
2.4385E-3
2.3786E-3
1.6052E-3
2.6990E-3
2.7713E-3
1.9681E-3
2.5644E-3
-5.0396E-5
1.0845E-4
-3.0228E-4
7.2396E-4
8.7103E-4
2.8813E-3
1.9197E-3
1.7199E-4
1.7810E-3
2.6704E-3
1.7390E-3
2.9461E-3
2.9320E-3
2.7222E-3
2.4736E-4
-2.3305E-5
7.8496E-4
2.4241E-3
2.9187E-3
2.6499E-3
3.0198E-3
3.2656E-3
3.2229E-3
3.5360E-3
1.6758E-3
2.8165E-3
2.1009E-3
2.0355E-3
1.9980E-3
1.2429E-3
2.7929E-3
1.6981E-3
2.4307E-3
2.9029E-3
4.1547E-3
1.6519E-3
2.8483E-3
1.6113E-3
2.5509E-3
2.4244E-3
1.3876E-3
2.1830E-3
1.9545E-3
3.0256E-3
5.4843E-3
2.5394E-3
1.6321E-3
2.4934E-3
2.6787E-3
2.6364E-3
2.7997E-3
1.2099E-3
3.0807E-3
5.1677E-3
2.2531E-3
2.2668E-3
2.5669E-3
9.2563E-4
2.6359E-3
1.2805E-3
1.6340E-3
2.5995E-3
3.3712E-3
2.2157E-3
5.4070E-3
3.0829E-3
2.9754E-3
2.8579E-3
1.5534E-3
2.4675E-3
2.5578E-3
5.9649E-4
2.9627E-3
1.3697E-3
2.9372E-3
1.5746E-3
2.4170E-3
1.6058E-3
4.3532E-4
1.7025E-3
1.8991E-3
2.2737E-3
2.1137E-3
2.1916E-3
1.0519E-3
2.4468E-3
4.5681E-3
2.6520E-3
1.5787E-3
1.7107E-3
2.4663E-3
2.4753E-3
1.1848E-3
2.0067E-3
2.0742E-3
1.7785E-3
2.4031E-3
2.4571E-3
2.4525E-3
1.3670E-4
2.0865E-3
2.9324E-3
1.8488E-3
2.7954E-3
2.1392E-3
7.6920E-4
1.1763E-3
2.4569E-3
2.5805E-3
2.0233E-4
2.3427E-3
2.0519E-3
1.8779E-3
3.0618E-3
2.2173E-3
1.5183E-3
4.2518E-3
2.6750E-3
3.0568E-3
3.2465E-3
9.5570E-4
3.3104E-3
3.1900E-3
2.8481E-3
2.9300E-3
1.3921E-3
3.2991E-3
2.9732E-3
3.3838E-3
6.0712E-3
5.1320E-4
2.9384E-3
2.4000E-3
1.9735E-3
8.1959E-4
1.4199E-3
2.5633E-3
2.0266E-3
-1.8060E-4
2.5311E-3
1.1616E-3
1.2744E-3
1.8540E-3
1.1872E-3
2.2067E-3
1.8233E-3
2.7802E-3
1.8502E-3
2.2402E-3
2.1614E-3
2.2689E-3
2.3436E-3
2.2399E-3
8.4102E-4
1.6282E-3
2.3408E-3
2.3144E-3
2.0909E-3
1.7621E-3
2.0635E-3
1.6449E-3
4.7420E-3
1.1018E-4
1.0424E-3
1.7130E-3
1.0742E-3
2.3537E-3
1.0075E-3
4.5270E-3
1.1947E-3
4.3294E-3
1.0901E-3
2.5278E-3
1.6297E-3
1.6937E-3
2.4113E-3
1.9122E-3
2.4926E-3
1.9562E-3
6.3479E-4
2.0840E-3
2.0723E-3
2.3632E-3
5.2077E-4
2.2608E-3
2.1567E-3
1.9233E-3
1.8445E-3
2.2802E-3
-6.2287E-6
1.7911E-3
1.9977E-3
1.2742E-3
1.4720E-3
1.4341E-3
2.1546E-3
2.0086E-3
2.0799E-3
3.4241E-3
1.9692E-3
2.4196E-3
1.8221E-3
1.9643E-3
4.5926E-3
2.3628E-3
2.3775E-3
2.4205E-3
1.3371E-3
2.3642E-3
1.2928E-3
2.4175E-3
1.2419E-3
2.1784E-3
1.4563E-3
1.7970E-3
6.3491E-4
1.4622E-3
2.2219E-3
2.6206E-3
2.2096E-3
2.5018E-3
2.4366E-3
8.3882E-4
2.0293E-3
2.7060E-3
1.7186E-3
2.1201E-3
2.6170E-3
1.1259E-3
1.9855E-3
1.8373E-3
2.7668E-3
2.4792E-3
1.8302E-3
3.5611E-4
1.9419E-3
1.4506E-3
2.7818E-3
1.7173E-3
2.0346E-4
2.4098E-3
2.3121E-3
2.2500E-3
1.9333E-3
2.0013E-3
2.3163E-3
5.0781E-3
2.1749E-3
1.7454E-3
1.6783E-3
1.6653E-3
2.2479E-3
2.2680E-3
2.4291E-3
2.2109E-3
3.9297E-4
2.6251E-3
2.5282E-3
8.5792E-4
2.3879E-3
1.1933E-3
2.1933E-3
2.7096E-3
2.2410E-3
6.9731E-4
2.6802E-3
2.2976E-3
2.4548E-3
2.3836E-3
2.0676E-3
2.1949E-3
2.8953E-3
2.2763E-3
2.6813E-3
2.2469E-3
5.3232E-3
1.3155E-3
2.0760E-3
2.6226E-3
1.6091E-3
2.3685E-3
2.0324E-3
3.5198E-3
2.3054E-3
1.1781E-3
1.8434E-3
3.1933E-4
2.0683E-3
5.5864E-4
2.2464E-3
2.3051E-3
2.2639E-3
2.1862E-3
1.7739E-3
2.6793E-3
5.3646E-3
2.7336E-3
2.1419E-3
2.4383E-3
2.4640E-3
2.1844E-3
1.0453E-3
2.0119E-3
1.6289E-3
1.5972E-3
1.0673E-3
2.7553E-3
2.3648E-3
4.4683E-4
2.2357E-3
1.8167E-3
2.2606E-3
2.2765E-3
2.1948E-3
2.4513E-3
2.9348E-3
2.3740E-3
1.6155E-3
2.5072E-3
7.0217E-4
2.7381E-3
2.6246E-3
2.4167E-3
2.4299E-3
2.8154E-3
2.5809E-3
2.6538E-3
2.3265E-3
2.6917E-3
1.7710E-3
1.8496E-3
2.2158E-3
2.2707E-3
2.2402E-3
4.3319E-3
1.0617E-3
2.3068E-3
9.6512E-4
1.3205E-3
1.7855E-3
2.4503E-3
2.2773E-3
2.5276E-3
1.3957E-3
2.8742E-3
3.1239E-3
3.1305E-3
2.3604E-3
1.0775E-3
1.6013E-3
1.1755E-3
5.1170E-3
1.5316E-3
2.5068E-3
4.6906E-3
1.4376E-3
2.2414E-3
2.7868E-3
1.5506E-3
2.7927E-3
1.3645E-3
2.0025E-3
2.3985E-3
5.7128E-3
4.6360E-4
2.1851E-4
-5.6425E-4
2.4252E-3
9.3099E-4
1.3391E-3
4.7686E-3
2.5510E-3
2.2451E-3
2.6026E-3
2.5165E-3
1.7171E-3
2.5648E-3
1.2611E-3
2.5774E-3
4.9854E-3
2.3287E-3
3.1570E-3
1.6794E-3
1.9123E-3
2.5435E-3
2.1352E-3
1.5984E-3
1.3492E-3
2.2223E-3
1.0137E-3
5.1696E-3
1.8113E-3
2.8908E-3
1.0844E-3
2.9930E-3
2.6782E-3
3.1850E-3
2.4286E-3
2.1701E-3
1.6496E-3
2.2863E-3
1.0301E-3
4.9851E-3
2.4989E-3
2.4495E-3
2.6942E-3
2.2411E-3
1.5207E-3
1.7091E-3
3.0355E-3
2.9081E-3
2.6077E-3
5.4592E-3
2.5137E-3
6.3625E-4
2.8687E-3
1.0496E-4
1.6418E-3
2.0969E-3
2.4583E-3
2.0313E-3
2.6436E-3
-1.2651E-4
1.8971E-3
2.6078E-3
2.6757E-3
2.2197E-3
1.9999E-3
4.2714E-3
2.5210E-3
1.3374E-3
3.6246E-3
1.5113E-3
2.1163E-3
1.8259E-3
2.3507E-3
1.6899E-3
9.0218E-4
1.5764E-3
6.8116E-4
2.3081E-3
2.6736E-3
6.6909E-4
2.0879E-3
6.6718E-4
1.1986E-3
1.9668E-3
1.5538E-3
2.1547E-3
2.0864E-3
9.0760E-4
1.7683E-3
1.7099E-3
2.9066E-4
1.8254E-3
1.7890E-3
-6.8903E-5
2.3139E-3
1.9994E-3
1.8281E-3
6.0645E-4
1.9549E-3
1.3306E-3
2.0010E-3
1.9699E-3
9.9209E-4
1.8978E-3
2.1808E-3
1.7056E-3
5.8979E-5
1.8284E-3
1.8606E-3
3.9585E-3
1.6278E-3
2.0236E-3
2.1942E-3
1.6006E-3
1.2666E-3
1.7436E-3
1.8552E-3
1.2890E-3
1.7057E-3
1.4961E-3
1.1245E-3
-8.5145E-5
1.5496E-3
1.4760E-3
1.8632E-3
1.2200E-3
1.3942E-3
1.9402E-3
1.1272E-3
1.8128E-3
1.7082E-3
1.9678E-3
4.9140E-3
4.5651E-3
2.0898E-3
1.0693E-3
1.9542E-3
2.4104E-3
2.0114E-3
1.6665E-3
2.2506E-3
1.8723E-3
2.1764E-3
2.2182E-3
2.2107E-3
2.7406E-4
2.4011E-3
2.4117E-3
2.8678E-3
1.7861E-3
1.8988E-3
1.5796E-3
1.7954E-3
4.4428E-3
1.9489E-3
1.2007E-3
6.1244E-5
3.5595E-3
2.0602E-3
-8.5264E-5
1.1889E-3
2.0460E-3
1.9204E-3
1.7683E-3
1.5444E-3
1.9433E-3
2.0435E-3
2.5600E-4
1.4321E-3
1.8711E-3
4.1204E-3
2.3284E-3
1.3202E-3
2.3400E-3
2.4006E-3
8.0186E-4
1.3086E-3
1.3131E-3
2.5452E-3
2.0361E-3
2.4860E-3
1.8294E-3
2.3317E-3
2.1527E-3
2.0960E-3
1.5572E-3
3.1535E-3
5.0613E-4
2.0033E-3
1.0467E-3
9.0373E-4
1.8169E-3
6.8694E-5
1.9573E-3
2.0418E-3
2.4159E-3
2.3028E-3
4.8294E-3
2.6488E-3
2.4619E-3
2.3941E-3
2.2684E-3
2.4042E-3
2.1755E-3
2.3006E-3
2.0322E-3
2.6646E-3
8.9678E-4
3.0291E-4
4.5115E-3
2.4202E-3
1.3725E-3
2.1599E-3
2.3305E-3
4.0432E-3
2.5682E-3
1.8727E-3
2.4454E-3
2.4834E-3
2.2582E-3
1.4059E-3
1.5530E-3
8.4144E-4
1.1134E-3
2.2161E-3
2.4168E-3
2.4638E-3
2.1070E-3
5.3793E-4
1.8422E-3
2.2925E-3
1.5035E-3
2.8456E-3
2.3072E-3
4.2259E-3
2.0739E-3
2.6906E-3
1.8286E-3
1.9873E-3
1.1742E-3
2.5169E-3
1.9274E-3
2.5975E-3
2.4058E-3
1.5745E-3
1.6938E-3
1.1115E-3
1.7289E-3
2.6122E-3
2.4859E-3
4.9078E-4
2.4949E-3
2.4903E-3
2.3908E-3
1.6009E-3
2.2689E-3
1.4923E-3
2.8989E-3
2.4219E-3
2.2107E-3
2.1771E-3
1.5083E-3
1.4844E-3
2.2302E-3
2.3199E-3
2.5735E-3
2.3176E-3
1.9166E-3
1.8971E-3
2.3142E-3
2.2551E-3
2.5646E-3
1.9672E-3
1.5049E-3
7.0521E-4
6.9913E-4
1.8753E-3
2.3391E-3
3.2628E-3
1.5471E-3
1.2361E-3
1.7233E-3
2.3633E-3
2.2933E-3
2.0725E-3
2.4396E-3
7.6923E-4
1.8866E-3
2.2651E-3
2.6892E-3
2.1695E-3
2.9085E-3
2.0775E-3
2.2134E-3
1.6112E-3
3.3408E-3
2.6672E-3
4.1276E-4
2.6069E-3
2.2560E-3
2.3580E-3
2.6198E-3
2.6281E-3
5.5251E-4
1.2141E-3
2.3972E-3
5.0211E-4
2.1221E-3
3.1734E-3
9.7570E-4
2.3201E-3
2.2209E-3
2.4731E-3
2.4422E-3
2.7869E-3
2.6196E-3
4.7406E-3
1.4538E-3
1.7202E-3
7.2488E-4
2.0518E-3
1.9445E-3
2.4759E-3
1.7452E-3
2.2918E-3
2.3199E-3
2.3471E-3
2.2606E-3
1.6021E-3
2.5536E-3
2.4515E-3
1.0061E-3
2.7052E-3
1.6590E-3
2.8261E-3
2.0245E-3
1.2256E-3
4.4492E-4
2.3107E-3
2.4825E-3
8.8814E-4
1.4721E-3
2.3457E-3
1.2819E-3
2.0629E-3
2.5607E-3
2.9289E-3
2.7695E-4
8.1915E-4
2.3239E-3
-5.6148E-5
1.9042E-3
2.0472E-3
2.2889E-3
1.7158E-3
2.0239E-3
1.6362E-3
1.2995E-3
2.2315E-3
4.1015E-3
1.7272E-3
2.5333E-3
2.3436E-3
1.5213E-3
2.4172E-3
2.1913E-3
1.9536E-3
1.6637E-3
2.2568E-3
1.0724E-3
2.3882E-3
2.0588E-3
1.5337E-3
2.7781E-3
1.8796E-3
2.2621E-3
2.0273E-3
2.7244E-3
2.3833E-3
9.1520E-4
2.7934E-3
1.1280E-3
2.4552E-3
4.3365E-4
2.4479E-3
2.1744E-3
1.1039E-3
2.5314E-4
2.7770E-3
1.1781E-3
1.6699E-3
1.9301E-3
4.5058E-4
2.2886E-3
1.8671E-3
2.4212E-3
5.1858E-3
1.1576E-3
1.7281E-3
3.3027E-4
2.2014E-3
2.1328E-3
1.7892E-3
1.6384E-3
2.2866E-3
2.3295E-3
7.5024E-4
2.0447E-3
1.8348E-3
2.3999E-3
1.1218E-4
1.1276E-3
1.5311E-3
1.8479E-3
1.2395E-3
4.4569E-4
2.0300E-3
2.1944E-3
9.1541E-4
1.3889E-3
2.0751E-3
1.8716E-3
9.7138E-4
1.5904E-3
1.8867E-3
4.0528E-4
4.7112E-3
2.2558E-3
2.5393E-3
2.5314E-3
2.6539E-4
2.5881E-3
2.1378E-3
2.8520E-3
3.6925E-4
1.9770E-3
2.8002E-3
1.9955E-3
2.7575E-3
2.1768E-3
1.7106E-3
1.3170E-3
2.0424E-3
3.8789E-3
1.3032E-3
2.1607E-3
-7.8827E-5
2.0401E-3
2.0275E-3
2.0520E-3
1.4176E-3
1.8605E-3
3.8048E-3
1.9777E-3
8.6585E-4
1.5448E-3
7.5141E-4
6.9323E-4
2.1136E-3
1.2301E-3
1.6183E-3
1.7765E-3
1.6659E-3
1.9397E-3
1.4841E-3
1.6618E-3
1.2398E-3
1.8797E-3
1.9911E-3
7.2929E-4
9.9358E-4
1.3734E-3
3.1998E-3
1.9374E-3
2.0464E-3
1.0313E-3
1.8799E-3
1.7186E-3
1.9728E-3
1.9605E-3
1.1567E-3
8.7452E-4
1.9152E-3
1.7953E-3
8.2541E-4
1.0245E-3
2.1707E-3
2.0657E-3
7.4059E-4
1.9573E-3
3.8881E-3
1.0061E-3
1.7200E-3
1.2545E-3
1.4879E-3
3.0187E-3
1.0721E-3
1.3208E-4
7.5763E-4
1.8472E-3
1.0573E-3
2.0526E-3
2.5620E-3
1.6657E-3
1.7931E-3
1.3694E-3
1.3275E-3
4.2996E-3
1.6808E-3
6.3661E-4
1.5609E-3
4.5863E-4
1.4086E-3
7.5158E-4
1.7535E-3
-4.4078E-5
1.8847E-3
3.6117E-3
1.9393E-3
1.2397E-3
1.6133E-3
1.8836E-3
1.8425E-3
2.3797E-3
9.1800E-4
1.3227E-3
2.2570E-3
3.8162E-4
1.7242E-3
4.4259E-4
2.2624E-3
3.6546E-3
2.2777E-3
1.6016E-3
1.7579E-3
4.4381E-3
2.0562E-3
1.4210E-3
1.0012E-3
1.1658E-3
5.2914E-4
2.0154E-3
1.0205E-3
1.4516E-3
5.6732E-4
2.1202E-3
2.5215E-3
1.4368E-3
2.0717E-3
8.0127E-4
2.0139E-3
1.1539E-3
1.8336E-3
1.6753E-3
9.2682E-4
1.5630E-3
1.9290E-3
1.9774E-3
1.4187E-3
1.9692E-3
1.5226E-3
1.4729E-3
5.5093E-4
7.3689E-4
1.9618E-3
1.6254E-3
1.5431E-3
1.8407E-3
1.7989E-3
1.9206E-3
5.3981E-4
2.2024E-3
1.3657E-3
1.4769E-3
4.1880E-3
6.3145E-4
9.8798E-4
3.6691E-3
1.1308E-3
1.8425E-3
1.3973E-3
2.0242E-3
1.7378E-3
8.7795E-4
-2.6450E-4
1.8110E-3
2.2571E-3
1.8518E-3
1.9864E-3
1.5447E-3
6.8781E-4
1.7788E-3
1.0104E-3
2.1532E-3
1.9799E-3
1.7384E-4
1.8691E-3
1.4315E-3
1.7637E-3
1.1693E-3
4.3575E-3
2.8233E-3
3.8589E-3
2.1721E-3
2.0553E-3
2.4026E-3
1.8719E-3
1.8066E-3
1.2202E-3
6.1962E-4
2.2462E-3
2.1884E-3
1.8269E-3
2.3725E-3
1.3942E-3
1.9239E-3
1.9443E-3
2.6849E-4
4.4648E-3
1.2946E-3
1.6627E-3
1.9386E-3
1.0496E-3
1.7134E-3
2.3431E-3
8.2299E-4
8.1471E-4
1.4083E-3
-6.7454E-2
2.2027E-3
2.7778E-3
2.0134E-3
1.8148E-3
2.8950E-3
1.9374E-3
2.2496E-3
1.2743E-3
2.3609E-3
1.4102E-3
1.6628E-3
2.9536E-3
2.2681E-3
3.3255E-3
2.6442E-3
2.2656E-3
4.5604E-4
2.5837E-3
2.3260E-3
1.6549E-3
1.3292E-3
2.0031E-3
2.2754E-3
3.3164E-4
9.9224E-4
6.9901E-4
2.0270E-3
2.9456E-3
4.5985E-4
2.2162E-3
2.2254E-3
1.6986E-3
1.9078E-3
1.9413E-3
2.3169E-3
2.1340E-3
1.6726E-3
1.3821E-3
1.5436E-3
1.0335E-3
1.9343E-3
1.9282E-3
2.0674E-3
1.5878E-3
9.0593E-4
1.3079E-3
1.6670E-3
2.2876E-3
9.8979E-4
9.7844E-4
1.1229E-3
2.2933E-3
2.1828E-3
1.8930E-3
4.7636E-3
-1.3083E-5
2.1874E-3
1.9967E-3
2.1784E-3
2.5966E-3
1.5835E-3
1.2456E-3
1.9948E-3
1.1938E-3
2.9820E-3
1.0574E-3
2.5076E-3
2.9873E-3
2.9082E-3
8.1450E-4
8.7047E-4
7.7403E-4
1.1250E-3
9.3696E-4
5.5131E-4
7.1159E-4
3.9241E-4
1.8332E-3
3.9122E-3
1.4259E-3
1.9465E-3
1.7650E-3
2.0183E-3
1.2543E-3
4.7386E-4
6.6003E-4
-1.1653E-4
2.9325E-3
1.5800E-3
2.1891E-3
2.7849E-3
1.9636E-3
2.2491E-3
1.8300E-3
3.8749E-3
2.2813E-3
1.4870E-3
1.9040E-3
-5.1111E-4
2.0172E-3
1.0561E-3
1.0740E-3
8.3226E-4
1.2171E-3
3.3843E-3
2.4370E-3
2.6033E-3
3.4370E-3
2.5884E-3
1.8086E-3
2.7274E-3
2.9301E-3
2.1341E-3
2.3793E-3
6.8584E-4
5.5271E-4
2.0100E-3
1.6191E-3
2.2432E-3
2.2724E-3
1.6347E-3
2.9851E-3
2.9184E-3
1.5901E-3
2.5941E-3
9.4351E-4
1.1626E-3
