Set	Curve	Label	Target	Conc. ()	Probe	Conc. (nM)	Baseline Mean	Baseline Noise	Assoc. Mean	Dissoc. Mean	Assoc. SNR	Dissoc. SNR
0	0	AQWHPQAGK		0.00E+0	Streptavidin	3.00E+3	-0.000078	0.000193	0.000625	0.001077	3.245212	5.591542
0	1	AQWHPQAGK		0.00E+0	Streptavidin	3.00E+3	0.000013	0.000163	0.001188	0.000815	7.306602	5.015153
1	0	CQWHPQAGK		0.00E+0	Streptavidin	3.00E+3	0.000031	0.000250	0.000966	0.000380	3.866525	1.521667
1	1	CQWHPQAGK		0.00E+0	Streptavidin	3.00E+3	0.000005	0.000191	0.000867	0.000831	4.545892	4.352450
1	2	CQWHPQAGK		0.00E+0	Streptavidin	3.00E+3	0.000078	0.000161	0.001168	0.000749	7.271385	4.661252
1	3	CQWHPQAGK		0.00E+0	Streptavidin	3.00E+3	-0.000101	0.000245	0.000703	0.000571	2.875910	2.332847
2	0	DQWHPQAGK		0.00E+0	Streptavidin	3.00E+3	0.000109	0.000216	0.000764	0.000385	3.539154	1.785446
2	1	DQWHPQAGK		0.00E+0	Streptavidin	3.00E+3	0.000005	0.000135	0.000834	0.000653	6.185624	4.842362
2	2	DQWHPQAGK		0.00E+0	Streptavidin	3.00E+3	0.000147	0.000161	0.000975	0.000584	6.062173	3.631348
2	3	DQWHPQAGK		0.00E+0	Streptavidin	3.00E+3	0.000074	0.000191	0.000988	0.000240	5.179747	1.256898
3	0	EQWHPQAGK		0.00E+0	Streptavidin	3.00E+3	0.000017	0.000135	0.000743	0.000267	5.505223	1.980885
3	1	EQWHPQAGK		0.00E+0	Streptavidin	3.00E+3	0.000011	0.000224	0.001026	0.000899	4.578420	4.010554
3	2	EQWHPQAGK		0.00E+0	Streptavidin	3.00E+3	0.000035	0.000162	0.000730	0.000421	4.511794	2.601954
4	0	FQWHPQAGK		0.00E+0	Streptavidin	3.00E+3	-0.000012	0.000187	0.000908	0.000736	4.855080	3.933918
4	1	FQWHPQAGK		0.00E+0	Streptavidin	3.00E+3	-0.000006	0.000264	0.001221	0.000838	4.628155	3.177652
4	2	FQWHPQAGK		0.00E+0	Streptavidin	3.00E+3	-0.000013	0.000211	0.000846	0.000468	4.013027	2.220272
5	0	GQWHPQAGK		0.00E+0	Streptavidin	3.00E+3	-0.000025	0.000136	0.000699	0.000379	5.146341	2.785979
5	1	GQWHPQAGK		0.00E+0	Streptavidin	3.00E+3	0.000042	0.000211	0.000819	0.000567	3.890172	2.693731
5	2	GQWHPQAGK		0.00E+0	Streptavidin	3.00E+3	0.000023	0.000265	0.000781	0.000442	2.947242	1.670254
6	0	HQWHPQAGK		0.00E+0	Streptavidin	3.00E+3	0.000052	0.000158	0.000863	0.000768	5.453963	4.852257
6	1	HQWHPQAGK		0.00E+0	Streptavidin	3.00E+3	0.000045	0.000241	0.001429	0.001073	5.937625	4.455384
7	0	IQWHPQAGK		0.00E+0	Streptavidin	3.00E+3	0.000002	0.000159	0.000835	0.000794	5.262391	5.004707
7	1	IQWHPQAGK		0.00E+0	Streptavidin	3.00E+3	-0.000044	0.000190	0.001137	0.000832	5.988289	4.382539
7	2	IQWHPQAGK		0.00E+0	Streptavidin	3.00E+3	-0.000007	0.000237	0.000906	0.000515	3.816561	2.170131
7	3	IQWHPQAGK		0.00E+0	Streptavidin	3.00E+3	-0.000011	0.000243	0.001311	0.001112	5.401527	4.577918
8	0	KQWHPQAGK		0.00E+0	Streptavidin	3.00E+3	0.000001	0.000238	0.000599	0.000449	2.523911	1.888749
8	1	KQWHPQAGK		0.00E+0	Streptavidin	3.00E+3	0.000034	0.000194	0.001370	0.000977	7.055344	5.028357
8	2	KQWHPQAGK		0.00E+0	Streptavidin	3.00E+3	0.000004	0.000265	0.000926	0.000531	3.491417	2.002861
9	0	LAWHPQAGK		0.00E+0	Streptavidin	3.00E+3	-0.000140	0.000240	0.000748	0.000470	3.122553	1.961636
9	1	LAWHPQAGK		0.00E+0	Streptavidin	3.00E+3	-0.000158	0.000163	0.001079	0.000958	6.632807	5.886177
10	0	LCWHPQAGK		0.00E+0	Streptavidin	3.00E+3	-0.000030	0.000243	0.000822	0.000885	3.381227	3.641179
10	1	LCWHPQAGK		0.00E+0	Streptavidin	3.00E+3	-0.000118	0.000245	0.000988	0.000602	4.041125	2.460134
10	2	LCWHPQAGK		0.00E+0	Streptavidin	3.00E+3	0.000083	0.000216	0.001097	0.000353	5.087860	1.634962
11	0	LDWHPQAGK		0.00E+0	Streptavidin	3.00E+3	-0.000017	0.000274	0.001567	0.001662	5.709858	6.056119
11	1	LDWHPQAGK		0.00E+0	Streptavidin	3.00E+3	0.000034	0.000160	0.001166	0.000949	7.295294	5.933187
11	2	LDWHPQAGK		0.00E+0	Streptavidin	3.00E+3	0.000002	0.000167	0.001403	0.000956	8.416913	5.736874
11	3	LDWHPQAGK		0.00E+0	Streptavidin	3.00E+3	-0.000017	0.000158	0.001154	0.001256	7.325640	7.967604
12	0	LEWHPQAGK		0.00E+0	Streptavidin	3.00E+3	-0.000023	0.000211	0.001101	0.000967	5.224057	4.588042
12	1	LEWHPQAGK		0.00E+0	Streptavidin	3.00E+3	-0.000007	0.000214	0.001041	0.000712	4.871569	3.332576
12	2	LEWHPQAGK		0.00E+0	Streptavidin	3.00E+3	-0.000063	0.000240	0.001185	0.000969	4.939663	4.040612
12	3	LEWHPQAGK		0.00E+0	Streptavidin	3.00E+3	-0.000065	0.000272	0.000991	0.000937	3.640781	3.440208
13	0	LFWHPQAGK		0.00E+0	Streptavidin	3.00E+3	0.000052	0.000293	0.000768	0.000560	2.620063	1.909256
13	1	LFWHPQAGK		0.00E+0	Streptavidin	3.00E+3	-0.000004	0.000187	0.000705	0.000518	3.779158	2.775364
14	0	LGWHPQAGK		0.00E+0	Streptavidin	3.00E+3	0.000099	0.000291	0.001057	0.000508	3.636334	1.748313
14	1	LGWHPQAGK		0.00E+0	Streptavidin	3.00E+3	-0.000013	0.000185	0.000951	0.000698	5.135125	3.768231
15	0	LHWHPQAGK		0.00E+0	Streptavidin	3.00E+3	0.000063	0.000272	0.001214	0.000897	4.471497	3.304236
15	1	LHWHPQAGK		0.00E+0	Streptavidin	3.00E+3	0.000039	0.000212	0.000789	0.000543	3.728040	2.567760
15	2	LHWHPQAGK		0.00E+0	Streptavidin	3.00E+3	-0.000073	0.000163	0.001001	0.000970	6.137676	5.950299
16	0	LIWHPQAGK		0.00E+0	Streptavidin	3.00E+3	-0.000064	0.000189	0.001125	0.001094	5.964142	5.798335
16	1	LIWHPQAGK		0.00E+0	Streptavidin	3.00E+3	-0.000056	0.000187	0.000782	0.000649	4.174725	3.465184
16	2	LIWHPQAGK		0.00E+0	Streptavidin	3.00E+3	0.000017	0.000158	0.001080	0.000802	6.844342	5.083542
17	0	LKWHPQAGK		0.00E+0	Streptavidin	3.00E+3	-0.000008	0.000213	0.000818	0.000577	3.846879	2.716456
17	1	LKWHPQAGK		0.00E+0	Streptavidin	3.00E+3	0.000004	0.000216	0.001347	0.001403	6.235973	6.491462
17	2	LKWHPQAGK		0.00E+0	Streptavidin	3.00E+3	-0.000052	0.000276	0.001427	0.001395	5.167172	5.048629
18	0	LLWHPQAGK		0.00E+0	Streptavidin	3.00E+3	-0.000074	0.000210	0.001206	0.000793	5.733456	3.773376
18	1	LLWHPQAGK		0.00E+0	Streptavidin	3.00E+3	0.000080	0.000187	0.001011	0.000992	5.396688	5.296408
19	0	LMWHPQAGK		0.00E+0	Streptavidin	3.00E+3	0.000050	0.000133	0.000965	0.000697	7.276311	5.254941
19	1	LMWHPQAGK		0.00E+0	Streptavidin	3.00E+3	0.000056	0.000184	0.001039	0.000762	5.646993	4.138186
19	2	LMWHPQAGK		0.00E+0	Streptavidin	3.00E+3	0.000020	0.000081	0.000821	0.000915	10.115697	11.282037
19	3	LMWHPQAGK		0.00E+0	Streptavidin	3.00E+3	-0.000014	0.000192	0.001052	0.001128	5.474333	5.869921
20	0	LNWHPQAGK		0.00E+0	Streptavidin	3.00E+3	0.000012	0.000133	0.001052	0.000509	7.935205	3.841404
20	1	LNWHPQAGK		0.00E+0	Streptavidin	3.00E+3	-0.000103	0.000193	0.001598	0.000832	8.271987	4.306319
20	2	LNWHPQAGK		0.00E+0	Streptavidin	3.00E+3	-0.000061	0.000159	0.001282	0.000750	8.074619	4.724279
21	0	LPWHPQAGK		0.00E+0	Streptavidin	3.00E+3	0.000001	0.000212	0.001028	0.000470	4.841260	2.210653
21	1	LPWHPQAGK		0.00E+0	Streptavidin	3.00E+3	-0.000045	0.000186	0.000823	0.000721	4.427857	3.879115
21	2	LPWHPQAGK		0.00E+0	Streptavidin	3.00E+3	-0.000062	0.000163	0.000907	0.000300	5.578620	1.844562
22	0	LQAHPQAGK		0.00E+0	Streptavidin	3.00E+3	-0.000028	0.000219	0.000803	0.000128	3.673140	0.584032
22	1	LQAHPQAGK		0.00E+0	Streptavidin	3.00E+3	-0.000113	0.000275	0.000731	0.000029	2.653958	0.104232
23	0	LQCHPQAGK		0.00E+0	Streptavidin	3.00E+3	-0.000052	0.000191	0.000860	0.000787	4.497174	4.116850
24	0	LQDHPQAGK		0.00E+0	Streptavidin	3.00E+3	-0.000053	0.000216	0.001254	0.000955	5.807570	4.425211
24	1	LQDHPQAGK		0.00E+0	Streptavidin	3.00E+3	-0.000024	0.000184	0.001085	0.000918	5.895731	4.986186
24	2	LQDHPQAGK		0.00E+0	Streptavidin	3.00E+3	-0.000072	0.000386	0.001296	0.000792	3.354359	2.049260
24	3	LQDHPQAGK		0.00E+0	Streptavidin	3.00E+3	-0.000005	0.000300	0.001433	0.001163	4.772952	3.872579
25	0	LQEHPQAGK		0.00E+0	Streptavidin	3.00E+3	0.000079	0.000159	0.000705	0.000504	4.427405	3.166562
25	1	LQEHPQAGK		0.00E+0	Streptavidin	3.00E+3	0.000032	0.000212	0.000836	0.000461	3.942525	2.172311
25	2	LQEHPQAGK		0.00E+0	Streptavidin	3.00E+3	-0.000023	0.000188	0.001003	0.000496	5.335575	2.638356
26	0	LQFHPQAGK		0.00E+0	Streptavidin	3.00E+3	-0.000144	0.000132	0.000897	0.000756	6.788669	5.719207
26	1	LQFHPQAGK		0.00E+0	Streptavidin	3.00E+3	0.000006	0.000222	0.001072	0.000948	4.834238	4.272780
26	2	LQFHPQAGK		0.00E+0	Streptavidin	3.00E+3	-0.000036	0.000248	0.001102	0.000315	4.447198	1.273674
27	0	LQGHPQAGK		0.00E+0	Streptavidin	3.00E+3	-0.000021	0.000191	0.000819	0.000419	4.286787	2.195726
27	1	LQGHPQAGK		0.00E+0	Streptavidin	3.00E+3	0.000037	0.000184	0.000758	0.000323	4.122226	1.757678
27	2	LQGHPQAGK		0.00E+0	Streptavidin	3.00E+3	-0.000066	0.000217	0.000792	0.000562	3.645399	2.586130
28	0	LQHHPQAGK		0.00E+0	Streptavidin	3.00E+3	0.000114	0.000246	0.001441	0.000847	5.860363	3.441885
28	1	LQHHPQAGK		0.00E+0	Streptavidin	3.00E+3	0.000027	0.000190	0.000991	0.000670	5.212696	3.525757
28	2	LQHHPQAGK		0.00E+0	Streptavidin	3.00E+3	-0.000020	0.000162	0.000582	0.000498	3.592429	3.071596
28	3	LQHHPQAGK		0.00E+0	Streptavidin	3.00E+3	-0.000015	0.000187	0.000873	0.000772	4.679806	4.137922
29	0	LQIHPQAGK		0.00E+0	Streptavidin	3.00E+3	-0.000016	0.000185	0.000469	0.000223	2.539113	1.207747
29	1	LQIHPQAGK		0.00E+0	Streptavidin	3.00E+3	0.000023	0.000185	0.000676	0.000567	3.646143	3.057129
30	0	LQKHPQAGK		0.00E+0	Streptavidin	3.00E+3	-0.000022	0.000297	0.000592	0.000354	1.995618	1.194960
30	1	LQKHPQAGK		0.00E+0	Streptavidin	3.00E+3	0.000002	0.000246	0.000531	0.000436	2.158341	1.772125
30	2	LQKHPQAGK		0.00E+0	Streptavidin	3.00E+3	0.000050	0.000270	0.001056	0.000499	3.915859	1.849561
31	0	LQLHPQAGK		0.00E+0	Streptavidin	3.00E+3	-0.000032	0.000237	0.000639	0.000319	2.693665	1.342244
31	1	LQLHPQAGK		0.00E+0	Streptavidin	3.00E+3	0.000062	0.000160	0.000719	0.000368	4.483036	2.295360
31	2	LQLHPQAGK		0.00E+0	Streptavidin	3.00E+3	-0.000043	0.000263	0.000658	0.000419	2.502992	1.595516
31	3	LQLHPQAGK		0.00E+0	Streptavidin	3.00E+3	0.000102	0.000185	0.000573	0.000690	3.095158	3.725481
32	0	LQMHPQAGK		0.00E+0	Streptavidin	3.00E+3	-0.000034	0.000161	0.000863	0.000591	5.370143	3.680524
32	1	LQMHPQAGK		0.00E+0	Streptavidin	3.00E+3	0.000008	0.000211	0.000786	0.000591	3.720283	2.797832
32	2	LQMHPQAGK		0.00E+0	Streptavidin	3.00E+3	0.000026	0.000215	0.000701	0.000574	3.260992	2.669656
33	0	LQNHPQAGK		0.00E+0	Streptavidin	3.00E+3	-0.000005	0.000192	0.001089	0.001044	5.681638	5.445869
33	1	LQNHPQAGK		0.00E+0	Streptavidin	3.00E+3	-0.000032	0.000196	0.001156	0.001121	5.905644	5.728195
33	2	LQNHPQAGK		0.00E+0	Streptavidin	3.00E+3	0.000003	0.000223	0.001291	0.000959	5.795628	4.305648
33	3	LQNHPQAGK		0.00E+0	Streptavidin	3.00E+3	-0.000008	0.000265	0.000748	0.000711	2.827948	2.689230
34	0	LQPHPQAGK		0.00E+0	Streptavidin	3.00E+3	-0.000036	0.000190	0.000772	0.000545	4.072233	2.874948
34	1	LQPHPQAGK		0.00E+0	Streptavidin	3.00E+3	-0.000018	0.000212	0.000900	0.000654	4.242066	3.086165
34	2	LQPHPQAGK		0.00E+0	Streptavidin	3.00E+3	-0.000073	0.000196	0.000997	0.000738	5.083748	3.764093
34	3	LQPHPQAGK		0.00E+0	Streptavidin	3.00E+3	-0.000024	0.000250	0.001494	0.001005	5.984251	4.028394
35	0	LQQHPQAGK		0.00E+0	Streptavidin	3.00E+3	0.000011	0.000215	0.000804	0.000044	3.745951	0.202685
35	1	LQQHPQAGK		0.00E+0	Streptavidin	3.00E+3	-0.000091	0.000187	0.000885	0.000760	4.731046	4.066062
35	2	LQQHPQAGK		0.00E+0	Streptavidin	3.00E+3	-0.000039	0.000209	0.001075	0.000617	5.149729	2.957496
36	0	LQRHPQAGK		0.00E+0	Streptavidin	3.00E+3	-0.000155	0.000166	0.000719	0.000917	4.320154	5.511103
36	1	LQRHPQAGK		0.00E+0	Streptavidin	3.00E+3	-0.000022	0.000245	0.000841	0.000925	3.427627	3.769049
36	2	LQRHPQAGK		0.00E+0	Streptavidin	3.00E+3	-0.000017	0.000139	0.000888	0.000296	6.392972	2.130485
36	3	LQRHPQAGK		0.00E+0	Streptavidin	3.00E+3	0.000046	0.000161	0.000991	0.000524	6.160565	3.256531
37	0	LQSHPQAGK		0.00E+0	Streptavidin	3.00E+3	0.000093	0.000253	0.000807	0.000740	3.186199	2.924685
37	1	LQSHPQAGK		0.00E+0	Streptavidin	3.00E+3	-0.000015	0.000167	0.000773	0.000537	4.622156	3.212993
37	2	LQSHPQAGK		0.00E+0	Streptavidin	3.00E+3	-0.000004	0.000211	0.000808	0.000479	3.826712	2.269700
37	3	LQSHPQAGK		0.00E+0	Streptavidin	3.00E+3	-0.000114	0.000189	0.000825	0.000209	4.359022	1.105113
38	0	LQTHPQAGK		0.00E+0	Streptavidin	3.00E+3	0.000004	0.000214	0.000631	0.000272	2.947308	1.268308
38	1	LQTHPQAGK		0.00E+0	Streptavidin	3.00E+3	-0.000033	0.000212	0.000745	0.000653	3.516404	3.078875
39	0	LQVHPQAGK		0.00E+0	Streptavidin	3.00E+3	0.000007	0.000278	0.000937	0.000510	3.365505	1.831794
39	1	LQVHPQAGK		0.00E+0	Streptavidin	3.00E+3	0.000032	0.000158	0.000733	0.000735	4.641016	4.654312
40	0	LQWAPQAGK		0.00E+0	Streptavidin	3.00E+3	0.000116	0.000190	-0.000004	-0.000227	-0.023635	-1.194256
40	1	LQWAPQAGK		0.00E+0	Streptavidin	3.00E+3	-0.000135	0.000237	-0.000385	-0.000234	-1.622687	-0.986110
40	2	LQWAPQAGK		0.00E+0	Streptavidin	3.00E+3	-0.000055	0.000213	0.000038	-0.000160	0.178105	-0.749836
41	0	LQWCPQAGK		0.00E+0	Streptavidin	3.00E+3	-0.000156	0.000239	-0.000088	-0.000007	-0.365905	-0.030983
41	1	LQWCPQAGK		0.00E+0	Streptavidin	3.00E+3	-0.000082	0.000293	-0.000126	0.000149	-0.428842	0.507911
41	2	LQWCPQAGK		0.00E+0	Streptavidin	3.00E+3	-0.000054	0.000214	-0.000246	0.000114	-1.150282	0.534084
41	3	LQWCPQAGK		0.00E+0	Streptavidin	3.00E+3	0.000047	0.000214	0.000165	0.000230	0.769767	1.072087
42	0	LQWDPQAGK		0.00E+0	Streptavidin	3.00E+3	0.000105	0.000159	0.000151	0.000080	0.952161	0.506027
42	1	LQWDPQAGK		0.00E+0	Streptavidin	3.00E+3	0.000003	0.000191	-0.000125	-0.000014	-0.652421	-0.071686
43	0	LQWEPQAGK		0.00E+0	Streptavidin	3.00E+3	0.000006	0.000188	0.000048	0.000201	0.253128	1.068076
43	1	LQWEPQAGK		0.00E+0	Streptavidin	3.00E+3	0.000067	0.000270	-0.000022	-0.000098	-0.081406	-0.362227
43	2	LQWEPQAGK		0.00E+0	Streptavidin	3.00E+3	-0.000002	0.000215	0.000195	-0.000071	0.906841	-0.331543
44	0	LQWFPQAGK		0.00E+0	Streptavidin	3.00E+3	-0.000147	0.000188	-0.000189	-0.000099	-1.006638	-0.525219
44	1	LQWFPQAGK		0.00E+0	Streptavidin	3.00E+3	-0.000023	0.000159	-0.000086	0.000045	-0.544109	0.285431
44	2	LQWFPQAGK		0.00E+0	Streptavidin	3.00E+3	-0.000061	0.000248	0.000196	-0.000117	0.789068	-0.471060
44	3	LQWFPQAGK		0.00E+0	Streptavidin	3.00E+3	0.000035	0.000241	-0.000005	-0.000067	-0.020923	-0.276709
45	0	LQWGPQAGK		0.00E+0	Streptavidin	3.00E+3	-0.000010	0.000158	-0.000131	0.000095	-0.830087	0.600046
45	1	LQWGPQAGK		0.00E+0	Streptavidin	3.00E+3	-0.000109	0.000278	-0.000153	0.000084	-0.550300	0.300414
46	0	LQWHAQAGK		0.00E+0	Streptavidin	3.00E+3	-0.000019	0.000196	-0.000117	0.000012	-0.598782	0.063045
46	1	LQWHAQAGK		0.00E+0	Streptavidin	3.00E+3	0.000033	0.000210	-0.000009	0.000086	-0.041832	0.409087
46	2	LQWHAQAGK		0.00E+0	Streptavidin	3.00E+3	-0.000030	0.000191	-0.000048	0.000117	-0.250385	0.613703
46	3	LQWHAQAGK		0.00E+0	Streptavidin	3.00E+3	-0.000015	0.000186	-0.000240	0.000015	-1.295089	0.080943
47	0	LQWHCQAGK		0.00E+0	Streptavidin	3.00E+3	0.000028	0.000162	0.000230	0.000061	1.413701	0.372664
47	1	LQWHCQAGK		0.00E+0	Streptavidin	3.00E+3	-0.000020	0.000161	0.000007	-0.000210	0.040970	-1.303671
47	2	LQWHCQAGK		0.00E+0	Streptavidin	3.00E+3	-0.000040	0.000161	-0.000285	0.000054	-1.771052	0.338393
48	0	LQWHDQAGK		0.00E+0	Streptavidin	3.00E+3	0.000002	0.000210	-0.000035	0.000017	-0.164279	0.082429
48	1	LQWHDQAGK		0.00E+0	Streptavidin	3.00E+3	-0.000037	0.000194	0.000081	0.000256	0.418618	1.319747
49	0	LQWHEQAGK		0.00E+0	Streptavidin	3.00E+3	-0.000069	0.000192	-0.000167	-0.000369	-0.869412	-1.925603
49	1	LQWHEQAGK		0.00E+0	Streptavidin	3.00E+3	0.000002	0.000212	-0.000084	-0.000076	-0.398251	-0.356578
50	0	LQWHFQAGK		0.00E+0	Streptavidin	3.00E+3	-0.000052	0.000185	0.000174	-0.000070	0.942098	-0.377668
51	0	LQWHGQAGK		0.00E+0	Streptavidin	3.00E+3	0.000105	0.000274	-0.000132	0.000049	-0.480873	0.177221
51	1	LQWHGQAGK		0.00E+0	Streptavidin	3.00E+3	0.000055	0.000191	-0.000091	-0.000363	-0.478739	-1.903313
51	2	LQWHGQAGK		0.00E+0	Streptavidin	3.00E+3	-0.000051	0.000185	0.000067	0.000350	0.364283	1.892876
52	0	LQWHHQAGK		0.00E+0	Streptavidin	3.00E+3	-0.000089	0.000157	0.000059	0.000273	0.375372	1.734177
52	1	LQWHHQAGK		0.00E+0	Streptavidin	3.00E+3	0.000123	0.000216	0.000273	0.000185	1.261346	0.853864
53	0	LQWHIQAGK		0.00E+0	Streptavidin	3.00E+3	-0.000027	0.000238	0.000281	0.000049	1.180362	0.206590
53	1	LQWHIQAGK		0.00E+0	Streptavidin	3.00E+3	-0.000114	0.000166	-0.000098	0.000204	-0.588986	1.228630
54	0	LQWHKQAGK		0.00E+0	Streptavidin	3.00E+3	0.000070	0.000219	0.000137	-0.000124	0.623713	-0.564043
54	1	LQWHKQAGK		0.00E+0	Streptavidin	3.00E+3	-0.000117	0.000162	-0.000047	-0.000232	-0.289410	-1.435268
54	2	LQWHKQAGK		0.00E+0	Streptavidin	3.00E+3	-0.000067	0.000221	-0.000055	0.000069	-0.248111	0.312893
55	0	LQWHLQAGK		0.00E+0	Streptavidin	3.00E+3	0.000034	0.000187	0.000118	0.000432	0.629999	2.312168
55	1	LQWHLQAGK		0.00E+0	Streptavidin	3.00E+3	-0.000013	0.000211	0.000162	0.000163	0.770035	0.772735
55	2	LQWHLQAGK		0.00E+0	Streptavidin	3.00E+3	-0.000084	0.000185	-0.000015	0.000118	-0.081624	0.637741
55	3	LQWHLQAGK		0.00E+0	Streptavidin	3.00E+3	0.000036	0.000195	-0.000027	0.000147	-0.139481	0.756912
56	0	LQWHMQAGK		0.00E+0	Streptavidin	3.00E+3	0.000034	0.000185	0.000153	-0.000169	0.828243	-0.914112
56	1	LQWHMQAGK		0.00E+0	Streptavidin	3.00E+3	-0.000042	0.000186	0.000023	0.000138	0.122130	0.743556
56	2	LQWHMQAGK		0.00E+0	Streptavidin	3.00E+3	-0.000016	0.000249	-0.000031	0.000183	-0.124727	0.733284
57	0	LQWHNQAGK		0.00E+0	Streptavidin	3.00E+3	-0.000012	0.000134	-0.000265	-0.000197	-1.978628	-1.468310
57	1	LQWHNQAGK		0.00E+0	Streptavidin	3.00E+3	-0.000096	0.000190	-0.000186	-0.000101	-0.978989	-0.530845
58	0	LQWHPAAGK		0.00E+0	Streptavidin	3.00E+3	-0.000097	0.000187	-0.000144	0.000151	-0.768344	0.807469
58	1	LQWHPAAGK		0.00E+0	Streptavidin	3.00E+3	-0.000036	0.000266	-0.000375	-0.000077	-1.408481	-0.287876
59	0	LQWHPCAGK		0.00E+0	Streptavidin	3.00E+3	0.000000	0.000184	0.000174	0.000170	0.942996	0.922313
60	0	LQWHPDAGK		0.00E+0	Streptavidin	3.00E+3	-0.000021	0.000214	-0.000011	-0.000135	-0.052820	-0.628766
60	1	LQWHPDAGK		0.00E+0	Streptavidin	3.00E+3	0.000013	0.000158	0.000106	0.000151	0.675187	0.957211
60	2	LQWHPDAGK		0.00E+0	Streptavidin	3.00E+3	-0.000111	0.000158	0.000033	-0.000188	0.205922	-1.190358
61	0	LQWHPEAGK		0.00E+0	Streptavidin	3.00E+3	0.000045	0.000238	-0.000366	-0.000304	-1.540919	-1.277409
62	0	LQWHPFAGK		0.00E+0	Streptavidin	3.00E+3	-0.000058	0.000159	-0.000064	-0.000108	-0.402368	-0.683305
62	1	LQWHPFAGK		0.00E+0	Streptavidin	3.00E+3	0.000080	0.000110	0.000267	0.000200	2.421180	1.808442
62	2	LQWHPFAGK		0.00E+0	Streptavidin	3.00E+3	0.000044	0.000271	0.000034	0.000248	0.124361	0.914668
63	0	LQWHPGAGK		0.00E+0	Streptavidin	3.00E+3	0.000010	0.000187	0.000001	-0.000131	0.003301	-0.700787
63	1	LQWHPGAGK		0.00E+0	Streptavidin	3.00E+3	-0.000061	0.000185	0.000166	-0.000043	0.899243	-0.230934
63	2	LQWHPGAGK		0.00E+0	Streptavidin	3.00E+3	0.000051	0.000214	0.000093	0.000325	0.433500	1.520173
64	0	LQWHPHAGK		0.00E+0	Streptavidin	3.00E+3	0.000059	0.000162	-0.000003	0.000184	-0.018115	1.133965
64	1	LQWHPHAGK		0.00E+0	Streptavidin	3.00E+3	-0.000178	0.000189	0.000048	0.000120	0.253430	0.634031
65	0	LQWHPIAGK		0.00E+0	Streptavidin	3.00E+3	-0.000047	0.000274	0.000137	0.000226	0.499378	0.823722
65	1	LQWHPIAGK		0.00E+0	Streptavidin	3.00E+3	-0.000012	0.000189	-0.000248	-0.000026	-1.308164	-0.137234
65	2	LQWHPIAGK		0.00E+0	Streptavidin	3.00E+3	-0.000003	0.000223	-0.000128	0.000028	-0.575102	0.126619
65	3	LQWHPIAGK		0.00E+0	Streptavidin	3.00E+3	0.000038	0.000158	0.000139	-0.000110	0.876375	-0.696727
66	0	LQWHPKAGK		0.00E+0	Streptavidin	3.00E+3	-0.000161	0.000292	-0.000002	-0.000099	-0.007672	-0.339291
66	1	LQWHPKAGK		0.00E+0	Streptavidin	3.00E+3	0.000016	0.000240	-0.000160	0.000204	-0.664491	0.850035
67	0	LQWHPLAGK		0.00E+0	Streptavidin	3.00E+3	0.000008	0.000186	-0.000034	0.000139	-0.182827	0.745806
67	1	LQWHPLAGK		0.00E+0	Streptavidin	3.00E+3	-0.000081	0.000161	-0.000090	0.000022	-0.561165	0.137776
67	2	LQWHPLAGK		0.00E+0	Streptavidin	3.00E+3	-0.000029	0.000213	0.000066	0.000145	0.311517	0.678375
68	0	LQWHPMAGK		0.00E+0	Streptavidin	3.00E+3	-0.000075	0.000191	0.001150	0.000922	6.021526	4.825855
68	1	LQWHPMAGK		0.00E+0	Streptavidin	3.00E+3	0.000007	0.000185	0.000816	0.000507	4.419259	2.747066
68	2	LQWHPMAGK		0.00E+0	Streptavidin	3.00E+3	-0.000064	0.000221	0.000997	0.000750	4.517664	3.395277
68	3	LQWHPMAGK		0.00E+0	Streptavidin	3.00E+3	0.000019	0.000158	0.001085	0.000789	6.855461	4.985199
69	0	LQWHPNAGK		0.00E+0	Streptavidin	3.00E+3	0.000026	0.000160	0.000066	-0.000129	0.411481	-0.810827
69	1	LQWHPNAGK		0.00E+0	Streptavidin	3.00E+3	-0.000011	0.000209	0.000136	0.000291	0.650348	1.394175
70	0	LQWHPPAGK		0.00E+0	Streptavidin	3.00E+3	-0.000009	0.000321	0.000136	0.000250	0.423984	0.778368
70	1	LQWHPPAGK		0.00E+0	Streptavidin	3.00E+3	-0.000026	0.000216	-0.000018	0.000286	-0.081865	1.324628
71	0	LQWHPQAAK		0.00E+0	Streptavidin	3.00E+3	0.000025	0.000217	0.000823	0.000391	3.800640	1.804835
71	1	LQWHPQAAK		0.00E+0	Streptavidin	3.00E+3	0.000148	0.000197	0.000916	0.000674	4.659726	3.428974
71	2	LQWHPQAAK		0.00E+0	Streptavidin	3.00E+3	-0.000011	0.000196	0.000920	0.000680	4.701404	3.474239
72	0	LQWHPQACK		0.00E+0	Streptavidin	3.00E+3	-0.000020	0.000183	0.000045	-0.000096	0.246125	-0.527055
73	0	LQWHPQADK		0.00E+0	Streptavidin	3.00E+3	0.000029	0.000223	0.001576	0.001187	7.072509	5.328605
73	1	LQWHPQADK		0.00E+0	Streptavidin	3.00E+3	-0.000005	0.000188	0.000748	0.000738	3.973895	3.917260
73	2	LQWHPQADK		0.00E+0	Streptavidin	3.00E+3	-0.000041	0.000191	0.001270	0.001137	6.655785	5.957143
74	0	LQWHPQAEK		0.00E+0	Streptavidin	3.00E+3	0.000007	0.000242	0.000882	0.000568	3.641741	2.346547
74	1	LQWHPQAEK		0.00E+0	Streptavidin	3.00E+3	0.000043	0.000241	0.000809	0.000373	3.351894	1.545582
75	0	LQWHPQAFK		0.00E+0	Streptavidin	3.00E+3	0.000082	0.000159	0.000600	0.000251	3.763825	1.575260
75	1	LQWHPQAFK		0.00E+0	Streptavidin	3.00E+3	0.000020	0.000210	0.000328	0.000197	1.562093	0.936744
75	2	LQWHPQAFK		0.00E+0	Streptavidin	3.00E+3	-0.000113	0.000271	0.000627	0.000363	2.315696	1.342902
76	0	LQWHPQAGA		0.00E+0	Streptavidin	3.00E+3	-0.000027	0.000239	0.001177	0.000752	4.930042	3.149419
76	1	LQWHPQAGA		0.00E+0	Streptavidin	3.00E+3	-0.000054	0.000218	0.001349	0.000998	6.178659	4.571405
77	0	LQWHPQAGC		0.00E+0	Streptavidin	3.00E+3	-0.000056	0.000196	0.000798	0.000518	4.076352	2.648830
77	1	LQWHPQAGC		0.00E+0	Streptavidin	3.00E+3	0.000021	0.000109	0.000777	0.000566	7.135525	5.199672
77	2	LQWHPQAGC		0.00E+0	Streptavidin	3.00E+3	-0.000030	0.000213	0.000602	0.000448	2.821726	2.100569
77	3	LQWHPQAGC		0.00E+0	Streptavidin	3.00E+3	-0.000096	0.000189	0.000677	0.000164	3.582939	0.870267
78	0	LQWHPQAGD		0.00E+0	Streptavidin	3.00E+3	0.000044	0.000216	0.001191	0.000769	5.504661	3.551873
79	0	LQWHPQAGE		0.00E+0	Streptavidin	3.00E+3	-0.000043	0.000160	0.000961	0.000901	6.015265	5.639632
79	1	LQWHPQAGE		0.00E+0	Streptavidin	3.00E+3	0.000019	0.000211	0.001122	0.000666	5.316285	3.155763
79	2	LQWHPQAGE		0.00E+0	Streptavidin	3.00E+3	-0.000077	0.000274	0.000816	0.000698	2.981681	2.547987
80	0	LQWHPQAGF		0.00E+0	Streptavidin	3.00E+3	0.000025	0.000237	0.001257	0.001006	5.306734	4.249785
80	1	LQWHPQAGF		0.00E+0	Streptavidin	3.00E+3	-0.000010	0.000210	0.001221	0.001019	5.802260	4.838830
80	2	LQWHPQAGF		0.00E+0	Streptavidin	3.00E+3	0.000007	0.000240	0.001337	0.000924	5.564018	3.846481
80	3	LQWHPQAGF		0.00E+0	Streptavidin	3.00E+3	-0.000056	0.000112	0.001527	0.001081	13.687456	9.687211
81	0	LQWHPQAGG		0.00E+0	Streptavidin	3.00E+3	-0.000019	0.000185	0.001055	0.001027	5.717259	5.562081
81	1	LQWHPQAGG		0.00E+0	Streptavidin	3.00E+3	0.000013	0.000239	0.001149	0.001076	4.807916	4.499222
81	2	LQWHPQAGG		0.00E+0	Streptavidin	3.00E+3	0.000013	0.000209	0.001365	0.000909	6.519290	4.341930
82	0	LQWHPQAGH		0.00E+0	Streptavidin	3.00E+3	0.000013	0.000248	0.001037	0.000784	4.187246	3.164479
82	1	LQWHPQAGH		0.00E+0	Streptavidin	3.00E+3	0.000114	0.000290	0.001235	0.001177	4.261540	4.059218
82	2	LQWHPQAGH		0.00E+0	Streptavidin	3.00E+3	-0.000002	0.000131	0.001017	0.001105	7.750335	8.419256
83	0	LQWHPQAGI		0.00E+0	Streptavidin	3.00E+3	0.000072	0.000195	0.001533	0.001173	7.879688	6.029274
83	1	LQWHPQAGI		0.00E+0	Streptavidin	3.00E+3	-0.000031	0.000261	0.001037	0.000647	3.968023	2.473684
83	2	LQWHPQAGI		0.00E+0	Streptavidin	3.00E+3	-0.000009	0.000081	0.000961	0.000539	11.909935	6.680038
83	3	LQWHPQAGI		0.00E+0	Streptavidin	3.00E+3	0.000133	0.000191	0.001106	0.000745	5.780372	3.892404
84	0	LQWHPQAGK		0.00E+0	Streptavidin	3.00E+3	-0.000026	0.000184	0.000807	0.000559	4.380522	3.034047
84	1	LQWHPQAGK		0.00E+0	Streptavidin	3.00E+3	-0.000064	0.000165	0.000946	0.000756	5.745795	4.593211
84	2	LQWHPQAGK		0.00E+0	Streptavidin	3.00E+3	-0.000002	0.000293	0.001262	0.001123	4.311669	3.836249
84	3	LQWHPQAGK		0.00E+0	Streptavidin	3.00E+3	0.000062	0.000210	0.000631	0.000619	3.001048	2.943448
84	4	LQWHPQAGK		0.00E+0	Streptavidin	3.00E+3	0.000084	0.000165	0.001249	0.001138	7.584030	6.911124
84	5	LQWHPQAGK		0.00E+0	Streptavidin	3.00E+3	0.000032	0.000190	0.000989	0.000690	5.215642	3.636663
84	6	LQWHPQAGK		0.00E+0	Streptavidin	3.00E+3	-0.000024	0.000136	0.000967	0.000436	7.124692	3.214675
84	7	LQWHPQAGK		0.00E+0	Streptavidin	3.00E+3	0.000030	0.000243	0.001040	0.000424	4.277082	1.743203
84	8	LQWHPQAGK		0.00E+0	Streptavidin	3.00E+3	-0.000013	0.000158	0.000949	0.000700	6.008247	4.434261
84	9	LQWHPQAGK		0.00E+0	Streptavidin	3.00E+3	0.000082	0.000162	0.001036	0.000608	6.382264	3.748576
84	10	LQWHPQAGK		0.00E+0	Streptavidin	3.00E+3	0.000046	0.000133	0.000759	0.000448	5.694430	3.364225
84	11	LQWHPQAGK		0.00E+0	Streptavidin	3.00E+3	0.000001	0.000132	0.001253	0.000671	9.465324	5.069635
84	12	LQWHPQAGK		0.00E+0	Streptavidin	3.00E+3	0.000006	0.000247	0.001424	0.001369	5.767696	5.547558
84	13	LQWHPQAGK		0.00E+0	Streptavidin	3.00E+3	0.000052	0.000162	0.001389	0.001936	8.596849	11.987931
84	14	LQWHPQAGK		0.00E+0	Streptavidin	3.00E+3	-0.000071	0.000277	0.001199	0.001101	4.326269	3.971264
84	15	LQWHPQAGK		0.00E+0	Streptavidin	3.00E+3	-0.000031	0.000210	0.000981	0.000560	4.671221	2.667873
84	16	LQWHPQAGK		0.00E+0	Streptavidin	3.00E+3	-0.000110	0.000132	0.001200	0.000615	9.102881	4.670370
84	17	LQWHPQAGK		0.00E+0	Streptavidin	3.00E+3	-0.000030	0.000184	0.000693	0.000645	3.759496	3.501143
84	18	LQWHPQAGK		0.00E+0	Streptavidin	3.00E+3	0.000026	0.000333	0.001176	0.001253	3.537255	3.768060
84	19	LQWHPQAGK		0.00E+0	Streptavidin	3.00E+3	0.000005	0.000237	0.001179	0.000925	4.981410	3.908067
84	20	LQWHPQAGK		0.00E+0	Streptavidin	3.00E+3	-0.000042	0.000217	0.001117	0.000766	5.140827	3.523792
84	21	LQWHPQAGK		0.00E+0	Streptavidin	3.00E+3	0.000056	0.000189	0.001272	-0.000076	6.730235	-0.403534
84	22	LQWHPQAGK		0.00E+0	Streptavidin	3.00E+3	0.000038	0.000240	0.000564	-0.000074	2.347300	-0.308544
84	23	LQWHPQAGK		0.00E+0	Streptavidin	3.00E+3	-0.000032	0.000209	0.001265	0.000696	6.046744	3.324651
84	24	LQWHPQAGK		0.00E+0	Streptavidin	3.00E+3	-0.000063	0.000183	0.000892	0.000660	4.884264	3.614733
84	25	LQWHPQAGK		0.00E+0	Streptavidin	3.00E+3	-0.000031	0.000215	0.001023	0.000769	4.750981	3.574039
84	26	LQWHPQAGK		0.00E+0	Streptavidin	3.00E+3	0.000048	0.000158	0.001083	0.000565	6.871099	3.587155
85	0	LQWHPQAGL		0.00E+0	Streptavidin	3.00E+3	0.000008	0.000187	0.000938	0.000598	5.013139	3.197338
85	1	LQWHPQAGL		0.00E+0	Streptavidin	3.00E+3	-0.000062	0.000215	0.001128	0.000584	5.255053	2.720056
85	2	LQWHPQAGL		0.00E+0	Streptavidin	3.00E+3	0.000021	0.000246	0.001463	0.001451	5.955744	5.903655
86	0	LQWHPQAGM		0.00E+0	Streptavidin	3.00E+3	-0.000013	0.000248	0.001124	0.000752	4.539380	3.039164
86	1	LQWHPQAGM		0.00E+0	Streptavidin	3.00E+3	0.000037	0.000211	0.001027	0.001051	4.870631	4.982695
86	2	LQWHPQAGM		0.00E+0	Streptavidin	3.00E+3	-0.000032	0.000187	0.001145	0.000932	6.105819	4.971567
87	0	LQWHPQAGN		0.00E+0	Streptavidin	3.00E+3	0.000001	0.000212	0.001159	0.000976	5.457786	4.595640
87	1	LQWHPQAGN		0.00E+0	Streptavidin	3.00E+3	-0.000089	0.000222	0.001368	0.000956	6.151753	4.298383
87	2	LQWHPQAGN		0.00E+0	Streptavidin	3.00E+3	0.000030	0.000236	0.001072	0.000752	4.538329	3.183471
88	0	LQWHPQAGP		0.00E+0	Streptavidin	3.00E+3	-0.000081	0.000222	0.001439	0.001351	6.478599	6.080294
88	1	LQWHPQAGP		0.00E+0	Streptavidin	3.00E+3	0.000009	0.000135	0.001187	0.000741	8.817841	5.502022
88	2	LQWHPQAGP		0.00E+0	Streptavidin	3.00E+3	-0.000070	0.000240	0.001287	0.000994	5.369331	4.148251
89	0	LQWHPQAGQ		0.00E+0	Streptavidin	3.00E+3	-0.000047	0.000219	0.001420	0.001125	6.482082	5.136110
89	1	LQWHPQAGQ		0.00E+0	Streptavidin	3.00E+3	0.000036	0.000241	0.000617	0.000916	2.566925	3.806795
89	2	LQWHPQAGQ		0.00E+0	Streptavidin	3.00E+3	-0.000035	0.000264	0.001014	0.000912	3.846095	3.458067
90	0	LQWHPQAGR		0.00E+0	Streptavidin	3.00E+3	0.000006	0.000189	0.001299	0.001035	6.861333	5.466849
90	1	LQWHPQAGR		0.00E+0	Streptavidin	3.00E+3	-0.000059	0.000241	0.001202	0.000719	4.977569	2.979025
90	2	LQWHPQAGR		0.00E+0	Streptavidin	3.00E+3	0.000098	0.000139	0.001544	0.000882	11.120674	6.350389
91	0	LQWHPQAGS		0.00E+0	Streptavidin	3.00E+3	0.000005	0.000250	0.001557	0.001151	6.223358	4.600400
91	1	LQWHPQAGS		0.00E+0	Streptavidin	3.00E+3	0.000004	0.000273	0.001580	0.001221	5.798027	4.479269
91	2	LQWHPQAGS		0.00E+0	Streptavidin	3.00E+3	-0.000095	0.000213	0.001200	0.001015	5.638153	4.767667
92	0	LQWHPQAGT		0.00E+0	Streptavidin	3.00E+3	0.000040	0.000189	0.000951	0.000900	5.026637	4.756546
92	1	LQWHPQAGT		0.00E+0	Streptavidin	3.00E+3	0.000037	0.000252	0.001026	0.000878	4.066467	3.481372
92	2	LQWHPQAGT		0.00E+0	Streptavidin	3.00E+3	0.000037	0.000217	0.001056	0.000808	4.861182	3.719336
93	0	LQWHPQAGV		0.00E+0	Streptavidin	3.00E+3	0.000007	0.000211	0.001183	0.000910	5.619408	4.324119
93	1	LQWHPQAGV		0.00E+0	Streptavidin	3.00E+3	0.000041	0.000317	0.001245	0.000768	3.926489	2.422125
93	2	LQWHPQAGV		0.00E+0	Streptavidin	3.00E+3	-0.000009	0.000185	0.001011	0.000716	5.474446	3.879193
94	0	LQWHPQAGW		0.00E+0	Streptavidin	3.00E+3	-0.000079	0.000163	0.001113	0.000734	6.820404	4.498160
94	1	LQWHPQAGW		0.00E+0	Streptavidin	3.00E+3	0.000101	0.000211	0.001310	0.000929	6.208407	4.401414
94	2	LQWHPQAGW		0.00E+0	Streptavidin	3.00E+3	0.000080	0.000212	0.001534	0.001097	7.236905	5.174212
95	0	LQWHPQAGY		0.00E+0	Streptavidin	3.00E+3	0.000064	0.000184	0.001111	0.000786	6.035531	4.271252
95	1	LQWHPQAGY		0.00E+0	Streptavidin	3.00E+3	0.000006	0.000248	0.001464	0.001305	5.907793	5.267598
95	2	LQWHPQAGY		0.00E+0	Streptavidin	3.00E+3	-0.000023	0.000216	0.001461	0.001213	6.766487	5.617763
96	0	LQWHPQAHK		0.00E+0	Streptavidin	3.00E+3	-0.000001	0.000162	0.000686	0.000380	4.232331	2.344268
96	1	LQWHPQAHK		0.00E+0	Streptavidin	3.00E+3	-0.000009	0.000164	0.000665	-0.000004	4.052116	-0.023555
96	2	LQWHPQAHK		0.00E+0	Streptavidin	3.00E+3	0.000037	0.000164	0.000731	0.000408	4.465164	2.494924
97	0	LQWHPQAIK		0.00E+0	Streptavidin	3.00E+3	0.000024	0.000236	0.000302	0.000110	1.278179	0.464902
97	1	LQWHPQAIK		0.00E+0	Streptavidin	3.00E+3	0.000053	0.000184	0.000306	0.000400	1.660284	2.168736
97	2	LQWHPQAIK		0.00E+0	Streptavidin	3.00E+3	0.000086	0.000196	0.000432	0.000163	2.205905	0.834658
97	3	LQWHPQAIK		0.00E+0	Streptavidin	3.00E+3	-0.000011	0.000237	0.000292	0.000048	1.233573	0.202838
98	0	LQWHPQAKK		0.00E+0	Streptavidin	3.00E+3	0.000062	0.000277	0.000324	0.000227	1.168686	0.820709
98	1	LQWHPQAKK		0.00E+0	Streptavidin	3.00E+3	0.000107	0.000307	0.000318	0.000341	1.036713	1.112676
98	2	LQWHPQAKK		0.00E+0	Streptavidin	3.00E+3	-0.000075	0.000249	0.000547	0.000068	2.196410	0.274299
99	0	LQWHPQALK		0.00E+0	Streptavidin	3.00E+3	0.000005	0.000210	0.000257	0.000144	1.226252	0.685502
99	1	LQWHPQALK		0.00E+0	Streptavidin	3.00E+3	-0.000035	0.000332	0.000290	0.000289	0.871400	0.869753
99	2	LQWHPQALK		0.00E+0	Streptavidin	3.00E+3	-0.000038	0.000186	0.000324	0.000297	1.744449	1.596895
99	3	LQWHPQALK		0.00E+0	Streptavidin	3.00E+3	-0.000023	0.000163	0.000181	0.000475	1.111421	2.918407
100	0	LQWHPQAMK		0.00E+0	Streptavidin	3.00E+3	-0.000078	0.000240	0.000520	0.000347	2.166046	1.447346
100	1	LQWHPQAMK		0.00E+0	Streptavidin	3.00E+3	-0.000024	0.000192	0.000756	0.000368	3.942511	1.922367
101	0	LQWHPQANK		0.00E+0	Streptavidin	3.00E+3	-0.000052	0.000213	0.000759	0.000509	3.561612	2.386534
101	1	LQWHPQANK		0.00E+0	Streptavidin	3.00E+3	-0.000038	0.000185	0.000955	0.000559	5.159220	3.020299
102	0	LQWHPQAPK		0.00E+0	Streptavidin	3.00E+3	-0.000057	0.000161	0.000921	0.000380	5.710582	2.358195
102	1	LQWHPQAPK		0.00E+0	Streptavidin	3.00E+3	-0.000044	0.000191	0.001010	0.000663	5.300777	3.480693
102	2	LQWHPQAPK		0.00E+0	Streptavidin	3.00E+3	0.000033	0.000192	0.001273	0.001390	6.649662	7.258799
103	0	LQWHPQAQK		0.00E+0	Streptavidin	3.00E+3	0.000032	0.000293	0.000529	0.000420	1.801853	1.430251
103	1	LQWHPQAQK		0.00E+0	Streptavidin	3.00E+3	0.000058	0.000275	0.001071	0.000500	3.895635	1.818333
103	2	LQWHPQAQK		0.00E+0	Streptavidin	3.00E+3	0.000027	0.000306	0.000956	0.000350	3.120004	1.142852
104	0	LQWHPQARK		0.00E+0	Streptavidin	3.00E+3	0.000092	0.000158	0.000637	0.000380	4.043419	2.412760
104	1	LQWHPQARK		0.00E+0	Streptavidin	3.00E+3	0.000043	0.000158	0.000379	0.000100	2.406500	0.634472
104	2	LQWHPQARK		0.00E+0	Streptavidin	3.00E+3	0.000104	0.000221	0.000625	0.000308	2.821330	1.392586
105	0	LQWHPQASK		0.00E+0	Streptavidin	3.00E+3	-0.000031	0.000159	0.000571	0.000156	3.602564	0.983109
105	1	LQWHPQASK		0.00E+0	Streptavidin	3.00E+3	0.000047	0.000220	0.000919	0.000948	4.170315	4.303923
105	2	LQWHPQASK		0.00E+0	Streptavidin	3.00E+3	0.000019	0.000325	0.001177	0.000193	3.626360	0.595809
105	3	LQWHPQASK		0.00E+0	Streptavidin	3.00E+3	0.000109	0.000223	0.000792	0.000567	3.557766	2.544724
106	0	LQWHPQATK		0.00E+0	Streptavidin	3.00E+3	0.000033	0.000220	0.000711	0.000238	3.229658	1.079286
106	1	LQWHPQATK		0.00E+0	Streptavidin	3.00E+3	0.000039	0.000163	0.000736	0.001004	4.507105	6.150045
107	0	LQWHPQAVK		0.00E+0	Streptavidin	3.00E+3	0.000044	0.000237	0.000316	0.000242	1.331777	1.019870
107	1	LQWHPQAVK		0.00E+0	Streptavidin	3.00E+3	-0.000054	0.000267	0.000905	0.001017	3.387827	3.806212
108	0	LQWHPQAWK		0.00E+0	Streptavidin	3.00E+3	-0.000035	0.000133	0.000701	0.000387	5.277882	2.913018
108	1	LQWHPQAWK		0.00E+0	Streptavidin	3.00E+3	-0.000086	0.000213	0.000341	0.000206	1.597196	0.967402
108	2	LQWHPQAWK		0.00E+0	Streptavidin	3.00E+3	0.000023	0.000162	0.000718	0.000193	4.444715	1.195816
108	3	LQWHPQAWK		0.00E+0	Streptavidin	3.00E+3	0.000021	0.000219	0.000837	0.000442	3.818321	2.014295
109	0	LQWHPQAYK		0.00E+0	Streptavidin	3.00E+3	-0.000092	0.000137	0.000591	0.000469	4.300920	3.415189
109	1	LQWHPQAYK		0.00E+0	Streptavidin	3.00E+3	0.000024	0.000211	0.000492	0.000292	2.337297	1.388271
109	2	LQWHPQAYK		0.00E+0	Streptavidin	3.00E+3	0.000070	0.000212	0.000667	0.000164	3.154866	0.777114
110	0	LQWHPQCGK		0.00E+0	Streptavidin	3.00E+3	0.000057	0.000185	0.000123	0.000143	0.666854	0.776339
110	1	LQWHPQCGK		0.00E+0	Streptavidin	3.00E+3	-0.000048	0.000158	-0.000167	-0.000230	-1.055597	-1.452087
111	0	LQWHPQDGK		0.00E+0	Streptavidin	3.00E+3	0.000005	0.000246	0.000818	0.000494	3.319977	2.004453
111	1	LQWHPQDGK		0.00E+0	Streptavidin	3.00E+3	-0.000006	0.000278	0.000672	0.000629	2.414914	2.258241
111	2	LQWHPQDGK		0.00E+0	Streptavidin	3.00E+3	-0.000042	0.000161	0.000807	0.000682	5.015708	4.239432
111	3	LQWHPQDGK		0.00E+0	Streptavidin	3.00E+3	0.000042	0.000158	0.000928	0.000747	5.881164	4.731042
112	0	LQWHPQEGK		0.00E+0	Streptavidin	3.00E+3	0.000150	0.000188	0.000412	0.000070	2.197783	0.372571
112	1	LQWHPQEGK		0.00E+0	Streptavidin	3.00E+3	-0.000110	0.000188	0.000619	0.000126	3.297557	0.669010
112	2	LQWHPQEGK		0.00E+0	Streptavidin	3.00E+3	-0.000029	0.000211	0.000569	0.000338	2.703266	1.607779
113	0	LQWHPQFGK		0.00E+0	Streptavidin	3.00E+3	-0.000096	0.000191	0.001025	0.000768	5.374314	4.029213
113	1	LQWHPQFGK		0.00E+0	Streptavidin	3.00E+3	0.000093	0.000277	0.001227	0.000900	4.421829	3.243014
114	0	LQWHPQGGK		0.00E+0	Streptavidin	3.00E+3	0.000032	0.000265	0.000735	0.000599	2.773265	2.261149
114	1	LQWHPQGGK		0.00E+0	Streptavidin	3.00E+3	-0.000024	0.000161	0.001195	0.000569	7.400893	3.525191
114	2	LQWHPQGGK		0.00E+0	Streptavidin	3.00E+3	0.000052	0.000160	0.001053	0.001334	6.566025	8.312301
115	0	LQWHPQHGK		0.00E+0	Streptavidin	3.00E+3	-0.000059	0.000240	0.000335	0.000129	1.392093	0.535617
115	1	LQWHPQHGK		0.00E+0	Streptavidin	3.00E+3	-0.000023	0.000158	0.000436	0.000207	2.755436	1.307488
116	0	LQWHPQIGK		0.00E+0	Streptavidin	3.00E+3	0.000040	0.000275	0.000550	0.000274	1.997772	0.995828
116	1	LQWHPQIGK		0.00E+0	Streptavidin	3.00E+3	0.000009	0.000215	0.000582	0.000592	2.704692	2.750350
116	2	LQWHPQIGK		0.00E+0	Streptavidin	3.00E+3	-0.000026	0.000158	0.000617	0.000054	3.915949	0.341471
116	3	LQWHPQIGK		0.00E+0	Streptavidin	3.00E+3	0.000001	0.000246	0.000724	0.000116	2.946238	0.470425
117	0	LQWHPQKGK		0.00E+0	Streptavidin	3.00E+3	0.000044	0.000156	0.000261	0.000129	1.668583	0.826377
117	1	LQWHPQKGK		0.00E+0	Streptavidin	3.00E+3	-0.000003	0.000272	0.000366	0.000600	1.348578	2.207705
118	0	LQWHPQLGK		0.00E+0	Streptavidin	3.00E+3	-0.000007	0.000109	0.000205	-0.000140	1.873939	-1.284360
118	1	LQWHPQLGK		0.00E+0	Streptavidin	3.00E+3	0.000006	0.000188	0.000852	0.000629	4.529005	3.342904
119	0	LQWHPQMGK		0.00E+0	Streptavidin	3.00E+3	0.000047	0.000184	0.000638	0.000364	3.464835	1.979580
119	1	LQWHPQMGK		0.00E+0	Streptavidin	3.00E+3	0.000055	0.000185	0.000939	0.000674	5.088104	3.650298
119	2	LQWHPQMGK		0.00E+0	Streptavidin	3.00E+3	-0.000117	0.000187	0.000539	0.000372	2.880402	1.986156
119	3	LQWHPQMGK		0.00E+0	Streptavidin	3.00E+3	-0.000052	0.000240	0.000737	0.000737	3.070868	3.073855
120	0	LQWHPQNGK		0.00E+0	Streptavidin	3.00E+3	-0.000091	0.000342	0.000902	0.001064	2.638653	3.114119
121	0	LQWHPQPGK		0.00E+0	Streptavidin	3.00E+3	0.000002	0.000210	0.000262	0.000254	1.245909	1.206336
121	1	LQWHPQPGK		0.00E+0	Streptavidin	3.00E+3	0.000076	0.000269	0.000228	-0.000041	0.845852	-0.151160
121	2	LQWHPQPGK		0.00E+0	Streptavidin	3.00E+3	-0.000028	0.000195	0.000105	0.000282	0.539049	1.449204
122	0	LQWHPQQGK		0.00E+0	Streptavidin	3.00E+3	0.000138	0.000305	0.000765	0.000673	2.506169	2.202355
122	1	LQWHPQQGK		0.00E+0	Streptavidin	3.00E+3	-0.000026	0.000164	0.000582	0.000651	3.544415	3.965603
122	2	LQWHPQQGK		0.00E+0	Streptavidin	3.00E+3	-0.000107	0.000277	0.000611	0.000746	2.208036	2.692902
123	0	LQWHPQRGK		0.00E+0	Streptavidin	3.00E+3	0.000080	0.000186	0.000574	0.000379	3.090633	2.042803
123	1	LQWHPQRGK		0.00E+0	Streptavidin	3.00E+3	-0.000011	0.000217	0.000415	0.000192	1.910527	0.884415
123	2	LQWHPQRGK		0.00E+0	Streptavidin	3.00E+3	-0.000044	0.000216	0.000549	0.000118	2.543570	0.548063
124	0	LQWHPQSGK		0.00E+0	Streptavidin	3.00E+3	-0.000040	0.000160	0.001152	0.000623	7.188892	3.887827
124	1	LQWHPQSGK		0.00E+0	Streptavidin	3.00E+3	-0.000127	0.000263	0.000863	0.000572	3.282858	2.175432
124	2	LQWHPQSGK		0.00E+0	Streptavidin	3.00E+3	0.000037	0.000191	0.001057	0.000917	5.532939	4.799376
124	3	LQWHPQSGK		0.00E+0	Streptavidin	3.00E+3	-0.000038	0.000220	0.001165	0.001214	5.286989	5.506638
125	0	LQWHPQTGK		0.00E+0	Streptavidin	3.00E+3	-0.000067	0.000186	0.000505	0.000143	2.709629	0.768557
125	1	LQWHPQTGK		0.00E+0	Streptavidin	3.00E+3	0.000045	0.000236	0.000564	0.000384	2.387742	1.623321
125	2	LQWHPQTGK		0.00E+0	Streptavidin	3.00E+3	-0.000002	0.000242	0.000570	0.000382	2.351660	1.573592
125	3	LQWHPQTGK		0.00E+0	Streptavidin	3.00E+3	-0.000011	0.000249	0.000755	0.000477	3.029703	1.913763
126	0	LQWHPQVGK		0.00E+0	Streptavidin	3.00E+3	-0.000028	0.000195	0.000906	0.000719	4.651066	3.688929
126	1	LQWHPQVGK		0.00E+0	Streptavidin	3.00E+3	-0.000008	0.000188	0.001328	0.000688	7.060757	3.657741
127	0	LQWHPQWGK		0.00E+0	Streptavidin	3.00E+3	0.000040	0.000243	0.000660	0.000335	2.716196	1.376935
127	1	LQWHPQWGK		0.00E+0	Streptavidin	3.00E+3	-0.000057	0.000238	0.000440	0.000344	1.844787	1.441897
127	2	LQWHPQWGK		0.00E+0	Streptavidin	3.00E+3	-0.000017	0.000276	0.000942	0.000453	3.415836	1.643433
127	3	LQWHPQWGK		0.00E+0	Streptavidin	3.00E+3	0.000048	0.000191	0.000772	0.000867	4.039351	4.533786
128	0	LQWHPQYGK		0.00E+0	Streptavidin	3.00E+3	0.000007	0.000305	0.000835	0.000373	2.733765	1.221029
128	1	LQWHPQYGK		0.00E+0	Streptavidin	3.00E+3	-0.000038	0.000219	0.001126	0.000349	5.134123	1.589084
129	0	LQWHPRAGK		0.00E+0	Streptavidin	3.00E+3	-0.000106	0.000241	-0.000063	-0.000171	-0.262170	-0.707512
129	1	LQWHPRAGK		0.00E+0	Streptavidin	3.00E+3	-0.000033	0.000264	-0.000044	0.000134	-0.168217	0.507311
130	0	LQWHPSAGK		0.00E+0	Streptavidin	3.00E+3	-0.000050	0.000221	-0.000306	-0.000128	-1.380649	-0.578257
130	1	LQWHPSAGK		0.00E+0	Streptavidin	3.00E+3	0.000047	0.000250	0.000092	0.000116	0.369007	0.465355
130	2	LQWHPSAGK		0.00E+0	Streptavidin	3.00E+3	-0.000026	0.000158	-0.000117	-0.000227	-0.739289	-1.438126
131	0	LQWHPTAGK		0.00E+0	Streptavidin	3.00E+3	-0.000027	0.000191	0.000097	0.000012	0.509495	0.064462
131	1	LQWHPTAGK		0.00E+0	Streptavidin	3.00E+3	0.000004	0.000270	-0.000359	-0.000308	-1.330039	-1.140333
132	0	LQWHPVAGK		0.00E+0	Streptavidin	3.00E+3	-0.000025	0.000185	-0.000059	-0.000001	-0.318849	-0.003852
132	1	LQWHPVAGK		0.00E+0	Streptavidin	3.00E+3	0.000051	0.000192	-0.000314	-0.000015	-1.640151	-0.079159
132	2	LQWHPVAGK		0.00E+0	Streptavidin	3.00E+3	0.000026	0.000264	0.000044	0.000152	0.167854	0.573980
132	3	LQWHPVAGK		0.00E+0	Streptavidin	3.00E+3	-0.000128	0.000223	-0.000172	0.000067	-0.771562	0.300243
133	0	LQWHPWAGK		0.00E+0	Streptavidin	3.00E+3	-0.000038	0.000273	-0.000046	0.000153	-0.167483	0.561534
133	1	LQWHPWAGK		0.00E+0	Streptavidin	3.00E+3	0.000018	0.000194	0.000341	0.000264	1.762077	1.361863
133	2	LQWHPWAGK		0.00E+0	Streptavidin	3.00E+3	-0.000093	0.000248	0.000148	0.000488	0.596653	1.964271
134	0	LQWHPYAGK		0.00E+0	Streptavidin	3.00E+3	-0.000042	0.000219	-0.000301	0.000000	-1.374884	0.000229
134	1	LQWHPYAGK		0.00E+0	Streptavidin	3.00E+3	0.000001	0.000278	-0.000037	0.000289	-0.134715	1.038487
134	2	LQWHPYAGK		0.00E+0	Streptavidin	3.00E+3	-0.000001	0.000212	0.000224	0.000165	1.054463	0.779278
135	0	LQWHQQAGK		0.00E+0	Streptavidin	3.00E+3	-0.000007	0.000243	-0.000127	-0.000077	-0.524798	-0.318162
135	1	LQWHQQAGK		0.00E+0	Streptavidin	3.00E+3	0.000003	0.000191	-0.000279	-0.000385	-1.461922	-2.013830
135	2	LQWHQQAGK		0.00E+0	Streptavidin	3.00E+3	0.000014	0.000249	0.000005	0.000204	0.019791	0.819587
136	0	LQWHRQAGK		0.00E+0	Streptavidin	3.00E+3	0.000030	0.000243	0.000346	0.000299	1.425264	1.231115
136	1	LQWHRQAGK		0.00E+0	Streptavidin	3.00E+3	-0.000011	0.000157	0.000139	-0.000013	0.882682	-0.084892
137	0	LQWHSQAGK		0.00E+0	Streptavidin	3.00E+3	0.000081	0.000214	0.000065	0.000126	0.302139	0.588225
137	1	LQWHSQAGK		0.00E+0	Streptavidin	3.00E+3	0.000060	0.000215	0.000215	-0.000043	0.999660	-0.201132
137	2	LQWHSQAGK		0.00E+0	Streptavidin	3.00E+3	0.000014	0.000236	0.000082	-0.000133	0.348333	-0.563029
137	3	LQWHSQAGK		0.00E+0	Streptavidin	3.00E+3	0.000039	0.000269	-0.000089	-0.000114	-0.329432	-0.424801
138	0	LQWHTQAGK		0.00E+0	Streptavidin	3.00E+3	-0.000006	0.000245	0.000011	-0.000074	0.044231	-0.304159
138	1	LQWHTQAGK		0.00E+0	Streptavidin	3.00E+3	0.000107	0.000242	0.000235	-0.000155	0.974075	-0.643208
138	2	LQWHTQAGK		0.00E+0	Streptavidin	3.00E+3	0.000015	0.000246	0.000063	-0.000256	0.254419	-1.041270
139	0	LQWHVQAGK		0.00E+0	Streptavidin	3.00E+3	0.000061	0.000161	0.000075	0.000098	0.464010	0.607622
139	1	LQWHVQAGK		0.00E+0	Streptavidin	3.00E+3	-0.000043	0.000193	-0.000109	-0.000218	-0.564617	-1.129517
139	2	LQWHVQAGK		0.00E+0	Streptavidin	3.00E+3	0.000117	0.000194	0.000056	0.000372	0.287783	1.917870
140	0	LQWHWQAGK		0.00E+0	Streptavidin	3.00E+3	-0.000009	0.000158	-0.000177	0.000092	-1.117264	0.583804
140	1	LQWHWQAGK		0.00E+0	Streptavidin	3.00E+3	-0.000137	0.000241	0.000253	0.000214	1.046489	0.888279
141	0	LQWHYQAGK		0.00E+0	Streptavidin	3.00E+3	0.000042	0.000165	0.000021	-0.000250	0.128495	-1.516460
141	1	LQWHYQAGK		0.00E+0	Streptavidin	3.00E+3	-0.000050	0.000319	0.000106	0.000071	0.332477	0.221761
141	2	LQWHYQAGK		0.00E+0	Streptavidin	3.00E+3	-0.000019	0.000186	-0.000080	0.000084	-0.429666	0.452553
142	0	LQWIPQAGK		0.00E+0	Streptavidin	3.00E+3	0.000052	0.000291	0.000142	0.000149	0.489177	0.514034
142	1	LQWIPQAGK		0.00E+0	Streptavidin	3.00E+3	-0.000041	0.000267	-0.000288	0.000041	-1.078185	0.152585
143	0	LQWKPQAGK		0.00E+0	Streptavidin	3.00E+3	-0.000105	0.000217	-0.000197	0.000048	-0.904221	0.219560
143	1	LQWKPQAGK		0.00E+0	Streptavidin	3.00E+3	-0.000060	0.000195	0.000037	0.000054	0.189169	0.276356
143	2	LQWKPQAGK		0.00E+0	Streptavidin	3.00E+3	0.000066	0.000270	0.000048	0.000026	0.177163	0.096362
144	0	LQWLPQAGK		0.00E+0	Streptavidin	3.00E+3	0.000109	0.000160	-0.000007	0.000099	-0.043632	0.616339
144	1	LQWLPQAGK		0.00E+0	Streptavidin	3.00E+3	-0.000041	0.000187	-0.000027	-0.000089	-0.144074	-0.474303
144	2	LQWLPQAGK		0.00E+0	Streptavidin	3.00E+3	-0.000009	0.000240	0.000169	0.000403	0.703747	1.677885
144	3	LQWLPQAGK		0.00E+0	Streptavidin	3.00E+3	-0.000074	0.000210	-0.000265	-0.000023	-1.262333	-0.109810
145	0	LQWMPQAGK		0.00E+0	Streptavidin	3.00E+3	0.000014	0.000163	0.000137	-0.000331	0.838529	-2.029094
145	1	LQWMPQAGK		0.00E+0	Streptavidin	3.00E+3	-0.000072	0.000241	0.000100	-0.000021	0.416464	-0.088444
145	2	LQWMPQAGK		0.00E+0	Streptavidin	3.00E+3	0.000056	0.000273	0.000018	0.000207	0.064449	0.757819
145	3	LQWMPQAGK		0.00E+0	Streptavidin	3.00E+3	-0.000002	0.000297	-0.000018	0.000487	-0.061643	1.639276
146	0	LQWNPQAGK		0.00E+0	Streptavidin	3.00E+3	0.000016	0.000194	-0.000103	0.000179	-0.532154	0.922769
147	0	LQWPPQAGK		0.00E+0	Streptavidin	3.00E+3	-0.000037	0.000241	-0.000161	-0.000258	-0.667549	-1.067444
147	1	LQWPPQAGK		0.00E+0	Streptavidin	3.00E+3	-0.000053	0.000218	0.000125	-0.000127	0.574724	-0.584525
147	2	LQWPPQAGK		0.00E+0	Streptavidin	3.00E+3	-0.000050	0.000162	0.000170	-0.000119	1.051432	-0.737754
147	3	LQWPPQAGK		0.00E+0	Streptavidin	3.00E+3	0.000044	0.000275	0.000030	-0.000067	0.107292	-0.243248
148	0	LQWQPQAGK		0.00E+0	Streptavidin	3.00E+3	-0.000080	0.000332	0.000156	0.000208	0.469701	0.627956
148	1	LQWQPQAGK		0.00E+0	Streptavidin	3.00E+3	0.000045	0.000185	0.000063	0.000171	0.339715	0.924343
148	2	LQWQPQAGK		0.00E+0	Streptavidin	3.00E+3	-0.000022	0.000183	-0.000038	0.000022	-0.209003	0.122721
148	3	LQWQPQAGK		0.00E+0	Streptavidin	3.00E+3	-0.000012	0.000209	-0.000134	-0.000014	-0.639143	-0.067467
149	0	LQWRPQAGK		0.00E+0	Streptavidin	3.00E+3	0.000011	0.000238	-0.000053	0.000341	-0.221852	1.434560
149	1	LQWRPQAGK		0.00E+0	Streptavidin	3.00E+3	-0.000094	0.000241	-0.000242	-0.000282	-1.005847	-1.172707
149	2	LQWRPQAGK		0.00E+0	Streptavidin	3.00E+3	-0.000084	0.000237	-0.000039	0.000252	-0.165536	1.066380
150	0	LQWSPQAGK		0.00E+0	Streptavidin	3.00E+3	-0.000041	0.000210	-0.000240	0.000090	-1.143538	0.426896
150	1	LQWSPQAGK		0.00E+0	Streptavidin	3.00E+3	-0.000055	0.000157	-0.000045	0.000072	-0.289045	0.457790
150	2	LQWSPQAGK		0.00E+0	Streptavidin	3.00E+3	0.000036	0.000162	0.000127	0.000193	0.780436	1.192888
150	3	LQWSPQAGK		0.00E+0	Streptavidin	3.00E+3	-0.000129	0.000161	-0.000281	-0.000058	-1.752461	-0.363273
151	0	LQWTPQAGK		0.00E+0	Streptavidin	3.00E+3	0.000009	0.000184	0.000260	0.000041	1.413128	0.222567
151	1	LQWTPQAGK		0.00E+0	Streptavidin	3.00E+3	-0.000087	0.000167	0.000117	-0.000011	0.699881	-0.068495
151	2	LQWTPQAGK		0.00E+0	Streptavidin	3.00E+3	0.000035	0.000266	-0.000056	-0.000107	-0.209832	-0.403929
152	0	LQWVPQAGK		0.00E+0	Streptavidin	3.00E+3	0.000020	0.000190	0.000120	0.000397	0.632113	2.089541
153	0	LQWWPQAGK		0.00E+0	Streptavidin	3.00E+3	0.000073	0.000166	-0.000081	0.000163	-0.486361	0.981801
153	1	LQWWPQAGK		0.00E+0	Streptavidin	3.00E+3	0.000029	0.000278	0.000216	-0.000083	0.774787	-0.299615
154	0	LQWYPQAGK		0.00E+0	Streptavidin	3.00E+3	0.000050	0.000249	0.000010	-0.000103	0.041762	-0.412357
154	1	LQWYPQAGK		0.00E+0	Streptavidin	3.00E+3	0.000028	0.000209	0.000069	0.000060	0.327982	0.288962
154	2	LQWYPQAGK		0.00E+0	Streptavidin	3.00E+3	-0.000024	0.000211	-0.000011	0.000168	-0.050582	0.793167
154	3	LQWYPQAGK		0.00E+0	Streptavidin	3.00E+3	0.000051	0.000166	0.000123	-0.000041	0.742164	-0.247883
155	0	LQYHPQAGK		0.00E+0	Streptavidin	3.00E+3	0.000006	0.000212	0.000126	0.000090	0.595998	0.423156
155	1	LQYHPQAGK		0.00E+0	Streptavidin	3.00E+3	-0.000010	0.000160	0.000833	0.000537	5.202549	3.351485
155	2	LQYHPQAGK		0.00E+0	Streptavidin	3.00E+3	0.000001	0.000209	0.001169	0.000792	5.598693	3.792938
155	3	LQYHPQAGK		0.00E+0	Streptavidin	3.00E+3	-0.000149	0.000195	0.001027	0.000881	5.276287	4.526858
156	0	LRWHPQAGK		0.00E+0	Streptavidin	3.00E+3	0.000044	0.000194	0.001411	0.001294	7.283558	6.677840
156	1	LRWHPQAGK		0.00E+0	Streptavidin	3.00E+3	-0.000106	0.000188	0.001280	0.000937	6.804888	4.983733
156	2	LRWHPQAGK		0.00E+0	Streptavidin	3.00E+3	0.000003	0.000196	0.001395	0.000853	7.100264	4.342140
157	0	LSWHPQAGK		0.00E+0	Streptavidin	3.00E+3	-0.000011	0.000259	0.001262	0.000752	4.875779	2.906544
157	1	LSWHPQAGK		0.00E+0	Streptavidin	3.00E+3	0.000049	0.000157	0.000957	0.000944	6.087152	6.004679
157	2	LSWHPQAGK		0.00E+0	Streptavidin	3.00E+3	-0.000032	0.000183	0.000874	0.000644	4.778115	3.522541
157	3	LSWHPQAGK		0.00E+0	Streptavidin	3.00E+3	0.000036	0.000249	0.000949	0.000756	3.816541	3.042678
158	0	LTWHPQAGK		0.00E+0	Streptavidin	3.00E+3	-0.000022	0.000212	0.000915	0.000824	4.325381	3.896071
158	1	LTWHPQAGK		0.00E+0	Streptavidin	3.00E+3	0.000027	0.000218	0.001272	0.001323	5.827194	6.059720
158	2	LTWHPQAGK		0.00E+0	Streptavidin	3.00E+3	-0.000030	0.000160	0.001389	0.001198	8.685813	7.491431
159	0	LVWHPQAGK		0.00E+0	Streptavidin	3.00E+3	0.000087	0.000274	0.001387	0.001322	5.059520	4.819415
159	1	LVWHPQAGK		0.00E+0	Streptavidin	3.00E+3	-0.000127	0.000221	0.001362	0.001093	6.163527	4.946245
159	2	LVWHPQAGK		0.00E+0	Streptavidin	3.00E+3	0.000002	0.000210	0.000964	0.001069	4.597360	5.096036
160	0	LWWHPQAGK		0.00E+0	Streptavidin	3.00E+3	-0.000062	0.000196	0.001371	0.000888	6.988304	4.526097
160	1	LWWHPQAGK		0.00E+0	Streptavidin	3.00E+3	-0.000041	0.000245	0.001377	0.000954	5.622697	3.894014
160	2	LWWHPQAGK		0.00E+0	Streptavidin	3.00E+3	-0.000071	0.000264	0.001030	0.000555	3.902994	2.101418
160	3	LWWHPQAGK		0.00E+0	Streptavidin	3.00E+3	0.000102	0.000302	0.001156	0.001054	3.824281	3.488129
161	0	LYWHPQAGK		0.00E+0	Streptavidin	3.00E+3	-0.000011	0.000193	0.001228	0.001233	6.363681	6.389721
161	1	LYWHPQAGK		0.00E+0	Streptavidin	3.00E+3	-0.000045	0.000247	0.001332	0.000950	5.380944	3.838793
161	2	LYWHPQAGK		0.00E+0	Streptavidin	3.00E+3	0.000047	0.000245	0.001442	0.001502	5.881257	6.123818
162	0	MQWHPQAGK		0.00E+0	Streptavidin	3.00E+3	-0.000071	0.000241	0.000961	0.000895	3.981460	3.705944
162	1	MQWHPQAGK		0.00E+0	Streptavidin	3.00E+3	0.000009	0.000192	0.001131	0.000635	5.892273	3.310490
162	2	MQWHPQAGK		0.00E+0	Streptavidin	3.00E+3	-0.000050	0.000162	0.001069	0.000453	6.588739	2.795194
162	3	MQWHPQAGK		0.00E+0	Streptavidin	3.00E+3	0.000017	0.000183	0.000846	0.000839	4.613858	4.572930
163	0	NQWHPQAGK		0.00E+0	Streptavidin	3.00E+3	-0.000017	0.000243	0.000893	0.000193	3.672174	0.791716
163	1	NQWHPQAGK		0.00E+0	Streptavidin	3.00E+3	-0.000013	0.000159	0.000771	0.000579	4.853980	3.640457
163	2	NQWHPQAGK		0.00E+0	Streptavidin	3.00E+3	0.000041	0.000195	0.001140	0.000736	5.838626	3.770258
163	3	NQWHPQAGK		0.00E+0	Streptavidin	3.00E+3	0.000110	0.000191	0.001221	0.001001	6.410651	5.253201
164	0	PQWHPQAGK		0.00E+0	Streptavidin	3.00E+3	-0.000023	0.000189	0.000742	0.000466	3.929630	2.469865
164	1	PQWHPQAGK		0.00E+0	Streptavidin	3.00E+3	-0.000031	0.000184	0.000982	0.000654	5.326798	3.548082
164	2	PQWHPQAGK		0.00E+0	Streptavidin	3.00E+3	0.000098	0.000221	0.001140	0.001028	5.170327	4.660751
165	0	QQWHPQAGK		0.00E+0	Streptavidin	3.00E+3	-0.000034	0.000215	0.001568	0.000970	7.310944	4.522241
165	1	QQWHPQAGK		0.00E+0	Streptavidin	3.00E+3	0.000071	0.000166	0.001108	0.000958	6.688690	5.782104
165	2	QQWHPQAGK		0.00E+0	Streptavidin	3.00E+3	0.000037	0.000289	0.000843	0.000540	2.915368	1.869446
166	0	RQWHPQAGK		0.00E+0	Streptavidin	3.00E+3	0.000064	0.000164	0.000989	0.000673	6.035458	4.104902
166	1	RQWHPQAGK		0.00E+0	Streptavidin	3.00E+3	-0.000044	0.000191	0.001021	0.000667	5.337075	3.487912
166	2	RQWHPQAGK		0.00E+0	Streptavidin	3.00E+3	-0.000080	0.000165	0.000984	0.000910	5.968790	5.520174
167	0	SQWHPQAGK		0.00E+0	Streptavidin	3.00E+3	-0.000086	0.000269	0.000614	0.000728	2.287775	2.708695
167	1	SQWHPQAGK		0.00E+0	Streptavidin	3.00E+3	0.000022	0.000277	0.000729	0.000604	2.633863	2.182594
167	2	SQWHPQAGK		0.00E+0	Streptavidin	3.00E+3	-0.000039	0.000191	0.000817	0.000757	4.282764	3.963718
168	0	TQWHPQAGK		0.00E+0	Streptavidin	3.00E+3	0.000040	0.000169	0.001362	0.000770	8.084607	4.570374
168	1	TQWHPQAGK		0.00E+0	Streptavidin	3.00E+3	-0.000021	0.000219	0.001147	0.000711	5.233778	3.245078
168	2	TQWHPQAGK		0.00E+0	Streptavidin	3.00E+3	0.000026	0.000138	0.001586	0.000998	11.455889	7.206505
169	0	VQWHPQAGK		0.00E+0	Streptavidin	3.00E+3	0.000010	0.000210	0.000947	0.000577	4.508636	2.748686
169	1	VQWHPQAGK		0.00E+0	Streptavidin	3.00E+3	-0.000069	0.000215	0.001018	0.000527	4.744757	2.455931
169	2	VQWHPQAGK		0.00E+0	Streptavidin	3.00E+3	0.000006	0.000266	0.001035	0.000887	3.886031	3.331677
170	0	WQWHPQAGK		0.00E+0	Streptavidin	3.00E+3	0.000065	0.000190	0.000930	0.000619	4.885265	3.253589
170	1	WQWHPQAGK		0.00E+0	Streptavidin	3.00E+3	-0.000029	0.000209	0.001039	0.000883	4.978396	4.231434
171	0	YQWHPQAGK		0.00E+0	Streptavidin	3.00E+3	0.000023	0.000249	0.001186	0.000489	4.766155	1.965066
171	1	YQWHPQAGK		0.00E+0	Streptavidin	3.00E+3	0.000010	0.000161	0.001154	0.000694	7.162040	4.303330
171	2	YQWHPQAGK		0.00E+0	Streptavidin	3.00E+3	0.000011	0.000185	0.001109	0.000549	5.996920	2.969525
171	3	YQWHPQAGK		0.00E+0	Streptavidin	3.00E+3	-0.000092	0.000236	0.000707	0.000612	2.993759	2.593380
