245
0
1
4
10
24
25
26
27
33
46
49
50
51
52
63
78
91
93
96
100
103
112
130
132
140
144
145
149
150
159
160
163
170
187
191
213
220
223
226
235
238
254
255
259
260
268
285
286
293
296
297
299
310
317
322
325
335
337
338
343
349
351
356
360
364
370
374
397
400
405
416
417
418
420
422
423
424
425
426
429
441
444
451
454
466
468
473
483
485
498
502
505
523
526
536
539
545
560
567
569
576
582
586
590
591
598
621
628
631
651
652
657
659
671
682
689
695
704
709
724
728
732
735
740
754
755
765
766
767
770
775
780
809
813
828
833
836
837
839
844
845
848
858
860
861
873
880
887
889
890
897
901
913
914
916
930
931
932
938
949
954
956
962
993
997
1001
1008
1018
1021
1025
1034
1035
1037
1041
1046
1056
1075
1087
1088
1098
1102
1120
1143
1144
1146
1147
1156
1160
1170
1172
1174
1201
1206
1208
1215
1216
1222
1228
1244
1248
1249
1256
1266
1273
1276
1282
1288
1295
1297
1300
1306
1307
1312
1317
1329
1341
1354
1360
1363
1367
1370
1384
1387
1402
1404
1413
1414
1422
1423
1429
1431
1434
1444
1449
1453
1454
1460
1472
1476
1485
1486
1490
1496
1501
1506
216
3
8
27
31
34
36
41
47
49
60
69
72
79
82
84
85
86
87
102
107
111
121
132
142
151
158
162
163
166
170
183
188
195
201
202
222
230
235
239
246
257
261
268
274
280
302
309
312
321
328
348
352
353
362
368
372
374
382
402
409
420
427
435
443
445
448
461
463
477
482
483
496
501
506
507
516
528
529
534
550
553
555
558
566
574
601
623
627
631
632
636
637
656
662
676
683
692
705
709
711
713
727
728
729
730
737
744
746
757
760
764
777
778
779
780
783
791
797
800
815
831
834
838
842
844
846
848
869
888
889
893
897
934
940
943
951
953
964
966
970
975
976
986
990
992
996
999
1002
1004
1008
1009
1016
1021
1025
1028
1034
1040
1045
1050
1058
1060
1074
1087
1099
1101
1105
1111
1120
1124
1126
1143
1148
1149
1152
1154
1162
1176
1180
1186
1202
1203
1210
1230
1236
1250
1258
1263
1266
1267
1269
1281
1299
1306
1309
1310
1314
1316
1318
1321
1322
1334
1350
1356
1359
1360
1363
1371
1406
1408
1419
1421
1439
1454
1471
1472
1504
201
1
8
35
36
42
48
57
70
97
104
110
142
157
160
176
183
188
189
206
207
212
216
226
245
249
258
259
273
274
275
287
293
306
313
318
327
346
368
372
374
402
410
411
414
415
419
421
424
427
436
443
463
469
474
478
480
495
501
514
518
523
541
547
550
554
562
577
601
624
628
632
634
635
636
637
638
645
651
654
664
684
685
686
691
692
697
718
722
732
737
740
753
768
780
792
795
800
807
813
846
850
868
881
884
885
889
897
904
911
914
933
935
942
946
947
949
962
977
978
986
987
1000
1001
1015
1017
1036
1050
1052
1054
1066
1068
1074
1077
1078
1081
1092
1126
1135
1138
1146
1148
1150
1172
1178
1185
1198
1201
1208
1215
1225
1229
1237
1243
1244
1246
1252
1256
1259
1261
1266
1276
1285
1286
1291
1296
1311
1312
1326
1330
1342
1352
1356
1360
1365
1370
1378
1388
1395
1398
1400
1403
1404
1405
1413
1419
1425
1430
1433
1444
1451
1455
1456
1457
1460
1466
1477
1483
1490
1497
1506
1507