Set	Curve	Label	Target	Conc. ()	Probe	Conc. (nM)	Baseline Mean	Baseline Noise	Assoc. Mean	Dissoc. Mean	Assoc. SNR	Dissoc. SNR
0	0	ATHPQFAT		0.00E+0	Streptavidin	3.00E+3	-0.000038	0.000266	0.000825	0.000553	3.099982	2.079701
0	1	ATHPQFAT		0.00E+0	Streptavidin	3.00E+3	0.000011	0.000185	0.001086	0.000779	5.865785	4.209834
0	2	ATHPQFAT		0.00E+0	Streptavidin	3.00E+3	-0.000030	0.000159	0.000830	0.000804	5.234234	5.072003
1	0	CTHPQFAT		0.00E+0	Streptavidin	3.00E+3	-0.000034	0.000160	0.001053	0.000747	6.570487	4.663500
1	1	CTHPQFAT		0.00E+0	Streptavidin	3.00E+3	-0.000127	0.000185	0.001016	0.000611	5.504557	3.307565
1	2	CTHPQFAT		0.00E+0	Streptavidin	3.00E+3	-0.000077	0.000220	0.001038	0.000845	4.711064	3.835813
2	0	DTHPQFAT		0.00E+0	Streptavidin	3.00E+3	0.000012	0.000217	0.001323	0.000988	6.106601	4.561367
2	1	DTHPQFAT		0.00E+0	Streptavidin	3.00E+3	-0.000014	0.000187	0.001289	0.000915	6.878876	4.884542
3	0	DYKDDDDK		0.00E+0	Streptavidin	3.00E+3	0.000015	0.000211	-0.000211	-0.000018	-0.998668	-0.085756
3	1	DYKDDDDK		0.00E+0	Streptavidin	3.00E+3	-0.000081	0.000196	-0.000384	-0.000220	-1.958641	-1.122333
3	2	DYKDDDDK		0.00E+0	Streptavidin	3.00E+3	-0.000006	0.000184	-0.000177	-0.000084	-0.967069	-0.459882
3	3	DYKDDDDK		0.00E+0	Streptavidin	3.00E+3	0.000048	0.000217	0.000195	0.000667	0.900075	3.079589
3	4	DYKDDDDK		0.00E+0	Streptavidin	3.00E+3	-0.000034	0.000163	-0.000041	0.000158	-0.249968	0.972019
3	5	DYKDDDDK		0.00E+0	Streptavidin	3.00E+3	-0.000028	0.000279	-0.000162	0.000087	-0.579950	0.311176
3	6	DYKDDDDK		0.00E+0	Streptavidin	3.00E+3	-0.000000	0.000217	0.000279	0.000456	1.285074	2.100518
3	7	DYKDDDDK		0.00E+0	Streptavidin	3.00E+3	0.000015	0.000216	-0.000215	-0.000016	-0.993683	-0.073085
3	8	DYKDDDDK		0.00E+0	Streptavidin	3.00E+3	-0.000040	0.000168	-0.000108	0.000004	-0.640898	0.024409
3	9	DYKDDDDK		0.00E+0	Streptavidin	3.00E+3	-0.000098	0.000293	-0.000068	-0.000281	-0.232259	-0.960740
3	10	DYKDDDDK		0.00E+0	Streptavidin	3.00E+3	-0.000002	0.000250	-0.000249	0.000017	-0.996606	0.068953
3	11	DYKDDDDK		0.00E+0	Streptavidin	3.00E+3	0.000008	0.000327	0.000019	0.000331	0.059395	1.012520
3	12	DYKDDDDK		0.00E+0	Streptavidin	3.00E+3	-0.000087	0.000241	-0.000052	-0.000147	-0.216742	-0.609755
3	13	DYKDDDDK		0.00E+0	Streptavidin	3.00E+3	-0.000130	0.000219	-0.000231	-0.000249	-1.053925	-1.140130
3	14	DYKDDDDK		0.00E+0	Streptavidin	3.00E+3	-0.000022	0.000185	-0.000144	0.000053	-0.777431	0.288142
3	15	DYKDDDDK		0.00E+0	Streptavidin	3.00E+3	0.000033	0.000280	-0.000113	-0.000112	-0.402008	-0.398586
3	16	DYKDDDDK		0.00E+0	Streptavidin	3.00E+3	0.000033	0.000211	0.000045	0.000034	0.213402	0.160741
3	17	DYKDDDDK		0.00E+0	Streptavidin	3.00E+3	-0.000084	0.000273	-0.000309	-0.000004	-1.132744	-0.013870
3	18	DYKDDDDK		0.00E+0	Streptavidin	3.00E+3	-0.000045	0.000159	-0.000202	-0.000027	-1.268581	-0.166686
3	19	DYKDDDDK		0.00E+0	Streptavidin	3.00E+3	0.000107	0.000195	-0.000001	0.000107	-0.006377	0.549979
3	20	DYKDDDDK		0.00E+0	Streptavidin	3.00E+3	-0.000041	0.000238	-0.000187	-0.000117	-0.785020	-0.491015
3	21	DYKDDDDK		0.00E+0	Streptavidin	3.00E+3	0.000035	0.000271	-0.000184	0.000186	-0.681096	0.688445
3	22	DYKDDDDK		0.00E+0	Streptavidin	3.00E+3	0.000007	0.000153	-0.000136	0.000092	-0.887264	0.603454
3	23	DYKDDDDK		0.00E+0	Streptavidin	3.00E+3	-0.000013	0.000250	-0.000112	-0.000097	-0.447376	-0.388910
3	24	DYKDDDDK		0.00E+0	Streptavidin	3.00E+3	0.000000	0.000266	0.000063	-0.000282	0.236207	-1.061018
3	25	DYKDDDDK		0.00E+0	Streptavidin	3.00E+3	0.000027	0.000160	-0.000101	-0.000071	-0.628786	-0.440573
3	26	DYKDDDDK		0.00E+0	Streptavidin	3.00E+3	-0.000000	0.000212	0.000012	-0.000018	0.058446	-0.086563
3	27	DYKDDDDK		0.00E+0	Streptavidin	3.00E+3	-0.000023	0.000160	0.000113	0.000261	0.707183	1.630495
3	28	DYKDDDDK		0.00E+0	Streptavidin	3.00E+3	0.000026	0.000215	-0.000076	0.000023	-0.354881	0.105363
3	29	DYKDDDDK		0.00E+0	Streptavidin	3.00E+3	-0.000011	0.000110	0.000214	0.000008	1.945420	0.068172
3	30	DYKDDDDK		0.00E+0	Streptavidin	3.00E+3	-0.000055	0.000170	-0.000134	0.000305	-0.787759	1.799405
3	31	DYKDDDDK		0.00E+0	Streptavidin	3.00E+3	0.000069	0.000193	-0.000143	-0.000134	-0.741789	-0.695506
3	32	DYKDDDDK		0.00E+0	Streptavidin	3.00E+3	-0.000064	0.000267	0.000098	0.000222	0.368532	0.833278
3	33	DYKDDDDK		0.00E+0	Streptavidin	3.00E+3	0.000116	0.000185	-0.000088	-0.000347	-0.478520	-1.878436
3	34	DYKDDDDK		0.00E+0	Streptavidin	3.00E+3	-0.000036	0.000212	-0.000032	0.000068	-0.150529	0.319918
3	35	DYKDDDDK		0.00E+0	Streptavidin	3.00E+3	-0.000067	0.000239	-0.000058	-0.000050	-0.243282	-0.209124
3	36	DYKDDDDK		0.00E+0	Streptavidin	3.00E+3	-0.000068	0.000132	-0.000219	-0.000011	-1.655035	-0.086151
3	37	DYKDDDDK		0.00E+0	Streptavidin	3.00E+3	-0.000021	0.000215	0.000120	0.000041	0.558966	0.189289
3	38	DYKDDDDK		0.00E+0	Streptavidin	3.00E+3	0.000049	0.000196	0.000026	-0.000205	0.133261	-1.047960
3	39	DYKDDDDK		0.00E+0	Streptavidin	3.00E+3	-0.000008	0.000211	-0.000160	0.000029	-0.760201	0.137409
3	40	DYKDDDDK		0.00E+0	Streptavidin	3.00E+3	-0.000117	0.000265	0.000023	0.000046	0.085892	0.173209
3	41	DYKDDDDK		0.00E+0	Streptavidin	3.00E+3	-0.000046	0.000194	-0.000177	-0.000243	-0.911963	-1.255509
3	42	DYKDDDDK		0.00E+0	Streptavidin	3.00E+3	0.000037	0.000280	0.000038	0.000165	0.135509	0.588618
3	43	DYKDDDDK		0.00E+0	Streptavidin	3.00E+3	-0.000046	0.000188	-0.000118	-0.000110	-0.626479	-0.582957
3	44	DYKDDDDK		0.00E+0	Streptavidin	3.00E+3	-0.000012	0.000211	-0.000086	-0.000218	-0.406051	-1.035480
3	45	DYKDDDDK		0.00E+0	Streptavidin	3.00E+3	0.000005	0.000107	-0.000253	-0.000254	-2.354636	-2.360265
3	46	DYKDDDDK		0.00E+0	Streptavidin	3.00E+3	-0.000012	0.000186	-0.000133	-0.000180	-0.715016	-0.968309
3	47	DYKDDDDK		0.00E+0	Streptavidin	3.00E+3	0.000029	0.000106	-0.000306	-0.000094	-2.892468	-0.893802
3	48	DYKDDDDK		0.00E+0	Streptavidin	3.00E+3	-0.000018	0.000184	-0.000059	0.000088	-0.320197	0.476946
3	49	DYKDDDDK		0.00E+0	Streptavidin	3.00E+3	-0.000005	0.000240	0.000001	0.000214	0.002162	0.895538
3	50	DYKDDDDK		0.00E+0	Streptavidin	3.00E+3	-0.000020	0.000323	-0.000128	-0.000091	-0.394673	-0.280733
3	51	DYKDDDDK		0.00E+0	Streptavidin	3.00E+3	0.000012	0.000286	-0.000194	-0.000328	-0.678497	-1.146448
3	52	DYKDDDDK		0.00E+0	Streptavidin	3.00E+3	-0.000002	0.000236	0.000086	0.000146	0.361954	0.618433
3	53	DYKDDDDK		0.00E+0	Streptavidin	3.00E+3	-0.000005	0.000160	-0.000082	0.000013	-0.510521	0.080975
3	54	DYKDDDDK		0.00E+0	Streptavidin	3.00E+3	0.000062	0.000210	0.000096	0.000100	0.455470	0.477931
3	55	DYKDDDDK		0.00E+0	Streptavidin	3.00E+3	-0.000053	0.000161	0.000272	0.000305	1.693503	1.900724
3	56	DYKDDDDK		0.00E+0	Streptavidin	3.00E+3	0.000039	0.000223	0.000123	0.000084	0.551765	0.377528
3	57	DYKDDDDK		0.00E+0	Streptavidin	3.00E+3	-0.000042	0.000186	-0.000276	0.000081	-1.487702	0.436132
3	58	DYKDDDDK		0.00E+0	Streptavidin	3.00E+3	0.000033	0.000138	-0.000132	-0.000038	-0.954555	-0.272537
3	59	DYKDDDDK		0.00E+0	Streptavidin	3.00E+3	-0.000002	0.000193	0.000062	0.000016	0.320280	0.082767
3	60	DYKDDDDK		0.00E+0	Streptavidin	3.00E+3	0.000113	0.000264	-0.000042	-0.000370	-0.160295	-1.398661
3	61	DYKDDDDK		0.00E+0	Streptavidin	3.00E+3	0.000037	0.000235	-0.000006	-0.000155	-0.025327	-0.657567
3	62	DYKDDDDK		0.00E+0	Streptavidin	3.00E+3	-0.000060	0.000221	0.000005	-0.000455	0.023517	-2.055809
3	63	DYKDDDDK		0.00E+0	Streptavidin	3.00E+3	-0.000019	0.000159	0.000074	-0.000228	0.462216	-1.435178
3	64	DYKDDDDK		0.00E+0	Streptavidin	3.00E+3	-0.000033	0.000221	-0.000194	-0.000052	-0.875720	-0.236976
3	65	DYKDDDDK		0.00E+0	Streptavidin	3.00E+3	0.000015	0.000213	-0.000063	0.000033	-0.293887	0.154496
3	66	DYKDDDDK		0.00E+0	Streptavidin	3.00E+3	0.000020	0.000191	0.000107	-0.000241	0.560769	-1.260604
3	67	DYKDDDDK		0.00E+0	Streptavidin	3.00E+3	0.000093	0.000216	-0.000319	0.000311	-1.477776	1.441982
3	68	DYKDDDDK		0.00E+0	Streptavidin	3.00E+3	-0.000090	0.000216	0.000102	0.000182	0.470543	0.843513
3	69	DYKDDDDK		0.00E+0	Streptavidin	3.00E+3	0.000014	0.000223	-0.000116	-0.000382	-0.518704	-1.711271
3	70	DYKDDDDK		0.00E+0	Streptavidin	3.00E+3	-0.000018	0.000211	-0.000146	0.000160	-0.690874	0.758538
3	71	DYKDDDDK		0.00E+0	Streptavidin	3.00E+3	0.000070	0.000216	-0.000026	-0.000301	-0.119450	-1.397061
3	72	DYKDDDDK		0.00E+0	Streptavidin	3.00E+3	-0.000022	0.000193	-0.000067	-0.000219	-0.344659	-1.132518
3	73	DYKDDDDK		0.00E+0	Streptavidin	3.00E+3	0.000008	0.000165	-0.000037	0.000055	-0.225597	0.335239
3	74	DYKDDDDK		0.00E+0	Streptavidin	3.00E+3	0.000010	0.000136	-0.000016	-0.000098	-0.117068	-0.716364
3	75	DYKDDDDK		0.00E+0	Streptavidin	3.00E+3	0.000002	0.000236	-0.000020	0.000033	-0.083586	0.139928
3	76	DYKDDDDK		0.00E+0	Streptavidin	3.00E+3	-0.000087	0.000159	0.000136	0.000310	0.855589	1.956196
4	0	ETHPQFAT		0.00E+0	Streptavidin	3.00E+3	0.000143	0.000264	0.001002	0.000502	3.799432	1.903369
4	1	ETHPQFAT		0.00E+0	Streptavidin	3.00E+3	-0.000001	0.000241	0.001048	0.001206	4.340134	4.995174
5	0	FTHPQFAT		0.00E+0	Streptavidin	3.00E+3	-0.000035	0.000160	0.001091	0.000766	6.835415	4.800829
5	1	FTHPQFAT		0.00E+0	Streptavidin	3.00E+3	0.000044	0.000164	0.001298	0.001017	7.917861	6.206850
6	0	GTHPQFAT		0.00E+0	Streptavidin	3.00E+3	0.000052	0.000266	0.001246	0.000636	4.677447	2.388632
6	1	GTHPQFAT		0.00E+0	Streptavidin	3.00E+3	0.000016	0.000215	0.001088	0.000848	5.060914	3.945548
7	0	HTHPQFAT		0.00E+0	Streptavidin	3.00E+3	0.000053	0.000325	0.001598	0.000908	4.916068	2.792721
7	1	HTHPQFAT		0.00E+0	Streptavidin	3.00E+3	0.000063	0.000240	0.000862	0.000778	3.598434	3.244132
7	2	HTHPQFAT		0.00E+0	Streptavidin	3.00E+3	-0.000061	0.000300	0.001541	0.001244	5.143792	4.151519
8	0	ITHPQFAT		0.00E+0	Streptavidin	3.00E+3	-0.000026	0.000189	0.001217	0.000883	6.437311	4.669403
8	1	ITHPQFAT		0.00E+0	Streptavidin	3.00E+3	-0.000104	0.000184	0.001043	0.000624	5.661373	3.388636
8	2	ITHPQFAT		0.00E+0	Streptavidin	3.00E+3	-0.000096	0.000190	0.001117	0.001070	5.891238	5.644269
9	0	KTHPQFAT		0.00E+0	Streptavidin	3.00E+3	-0.000099	0.000240	0.000720	0.000548	3.001415	2.284468
10	0	LQHPQAGK		0.00E+0	Streptavidin	3.00E+3	-0.000040	0.000185	0.000615	0.000534	3.321289	2.882562
10	1	LQHPQAGK		0.00E+0	Streptavidin	3.00E+3	-0.000104	0.000211	0.000728	0.000753	3.446619	3.560765
10	2	LQHPQAGK		0.00E+0	Streptavidin	3.00E+3	-0.000044	0.000163	0.000638	0.000302	3.912740	1.854643
11	0	LQWHPAGK		0.00E+0	Streptavidin	3.00E+3	-0.000026	0.000269	0.000025	0.000074	0.094483	0.275086
11	1	LQWHPAGK		0.00E+0	Streptavidin	3.00E+3	0.000059	0.000213	0.000019	0.000035	0.091340	0.166347
11	2	LQWHPAGK		0.00E+0	Streptavidin	3.00E+3	-0.000015	0.000166	-0.000084	-0.000313	-0.506281	-1.886831
12	0	LQWHPQAG		0.00E+0	Streptavidin	3.00E+3	-0.000040	0.000215	0.001116	0.000539	5.183898	2.502085
12	1	LQWHPQAG		0.00E+0	Streptavidin	3.00E+3	-0.000063	0.000162	0.001770	0.000969	10.942012	5.991914
12	2	LQWHPQAG		0.00E+0	Streptavidin	3.00E+3	-0.000122	0.000160	0.001204	0.001004	7.511427	6.261848
12	3	LQWHPQAG		0.00E+0	Streptavidin	3.00E+3	-0.000015	0.000184	0.001321	0.001079	7.191407	5.875710
13	0	LQWHPQAK		0.00E+0	Streptavidin	3.00E+3	0.000013	0.000161	0.000966	0.000662	5.985043	4.100179
13	1	LQWHPQAK		0.00E+0	Streptavidin	3.00E+3	0.000007	0.000164	0.000648	0.000779	3.955740	4.754439
13	2	LQWHPQAK		0.00E+0	Streptavidin	3.00E+3	0.000029	0.000268	0.000367	0.000260	1.369828	0.970096
13	3	LQWHPQAK		0.00E+0	Streptavidin	3.00E+3	0.000003	0.000213	0.000600	0.000461	2.815325	2.163596
14	0	LQWHPQGK		0.00E+0	Streptavidin	3.00E+3	0.000018	0.000168	0.001113	0.000764	6.638298	4.553024
14	1	LQWHPQGK		0.00E+0	Streptavidin	3.00E+3	0.000029	0.000194	0.000875	0.000396	4.518217	2.048021
14	2	LQWHPQGK		0.00E+0	Streptavidin	3.00E+3	-0.000044	0.000243	0.000997	0.000571	4.108681	2.352392
15	0	LQWHQAGK		0.00E+0	Streptavidin	3.00E+3	0.000082	0.000297	0.000145	0.000014	0.486948	0.046746
15	1	LQWHQAGK		0.00E+0	Streptavidin	3.00E+3	0.000068	0.000215	0.000221	-0.000016	1.025569	-0.074729
16	0	LQWPQAGK		0.00E+0	Streptavidin	3.00E+3	0.000046	0.000251	0.000117	-0.000230	0.465430	-0.915995
16	1	LQWPQAGK		0.00E+0	Streptavidin	3.00E+3	0.000094	0.000184	-0.000262	-0.000091	-1.422322	-0.491488
17	0	LTHPQFAT		0.00E+0	Streptavidin	3.00E+3	0.000035	0.000192	0.001317	0.000982	6.874206	5.126913
17	1	LTHPQFAT		0.00E+0	Streptavidin	3.00E+3	0.000088	0.000211	0.000795	0.000679	3.771696	3.222291
17	2	LTHPQFAT		0.00E+0	Streptavidin	3.00E+3	-0.000084	0.000263	0.000882	0.000723	3.351472	2.745902
17	3	LTHPQFAT		0.00E+0	Streptavidin	3.00E+3	0.000055	0.000163	0.001028	0.000876	6.286709	5.360407
18	0	LWHPQAGK		0.00E+0	Streptavidin	3.00E+3	-0.000063	0.000240	0.000727	0.000514	3.026977	2.140262
18	1	LWHPQAGK		0.00E+0	Streptavidin	3.00E+3	-0.000021	0.000264	0.000839	0.000413	3.176340	1.564638
19	0	MTHPQFAT		0.00E+0	Streptavidin	3.00E+3	0.000005	0.000164	0.001098	0.000999	6.698436	6.096506
19	1	MTHPQFAT		0.00E+0	Streptavidin	3.00E+3	0.000089	0.000158	0.001216	0.000754	7.669398	4.755227
19	2	MTHPQFAT		0.00E+0	Streptavidin	3.00E+3	-0.000050	0.000238	0.001110	0.000159	4.658278	0.665440
19	3	MTHPQFAT		0.00E+0	Streptavidin	3.00E+3	0.000061	0.000237	0.001131	0.000689	4.779355	2.908307
20	0	NTHPQFAT		0.00E+0	Streptavidin	3.00E+3	-0.000086	0.000250	0.001131	0.000977	4.526487	3.912396
20	1	NTHPQFAT		0.00E+0	Streptavidin	3.00E+3	-0.000050	0.000185	0.000761	0.000713	4.113692	3.854388
21	0	PTHPQFAT		0.00E+0	Streptavidin	3.00E+3	0.000052	0.000190	0.000951	0.000740	4.998976	3.888784
21	1	PTHPQFAT		0.00E+0	Streptavidin	3.00E+3	-0.000036	0.000160	0.000837	0.000578	5.234823	3.614198
21	2	PTHPQFAT		0.00E+0	Streptavidin	3.00E+3	-0.000008	0.000191	0.001378	0.000939	7.210123	4.914947
21	3	PTHPQFAT		0.00E+0	Streptavidin	3.00E+3	0.000007	0.000209	0.000947	0.000831	4.522477	3.966444
22	0	QGRNSPAP		0.00E+0	Streptavidin	3.00E+3	-0.000059	0.000187	0.000252	-0.000012	1.349649	-0.063500
22	1	QGRNSPAP		0.00E+0	Streptavidin	3.00E+3	0.000023	0.000248	0.000069	0.000292	0.277890	1.175559
22	2	QGRNSPAP		0.00E+0	Streptavidin	3.00E+3	-0.000005	0.000275	0.000151	0.000104	0.550014	0.376683
22	3	QGRNSPAP		0.00E+0	Streptavidin	3.00E+3	0.000010	0.000211	0.000159	-0.000155	0.753305	-0.733126
22	4	QGRNSPAP		0.00E+0	Streptavidin	3.00E+3	-0.000025	0.000220	-0.000038	-0.000100	-0.174297	-0.455967
22	5	QGRNSPAP		0.00E+0	Streptavidin	3.00E+3	-0.000151	0.000243	-0.000048	-0.000140	-0.196912	-0.577103
22	6	QGRNSPAP		0.00E+0	Streptavidin	3.00E+3	0.000021	0.000161	0.000039	0.000097	0.239874	0.605293
22	7	QGRNSPAP		0.00E+0	Streptavidin	3.00E+3	0.000094	0.000223	-0.000032	0.000317	-0.143472	1.423782
22	8	QGRNSPAP		0.00E+0	Streptavidin	3.00E+3	-0.000082	0.000244	-0.000063	-0.000029	-0.256153	-0.119457
22	9	QGRNSPAP		0.00E+0	Streptavidin	3.00E+3	0.000048	0.000211	0.000200	0.000183	0.946253	0.865133
22	10	QGRNSPAP		0.00E+0	Streptavidin	3.00E+3	-0.000001	0.000263	-0.000200	-0.000031	-0.761417	-0.119415
22	11	QGRNSPAP		0.00E+0	Streptavidin	3.00E+3	-0.000021	0.000158	0.000125	-0.000035	0.789326	-0.224629
22	12	QGRNSPAP		0.00E+0	Streptavidin	3.00E+3	-0.000030	0.000250	-0.000315	-0.000134	-1.258269	-0.534972
22	13	QGRNSPAP		0.00E+0	Streptavidin	3.00E+3	0.000122	0.000159	0.000083	0.000106	0.524832	0.667239
22	14	QGRNSPAP		0.00E+0	Streptavidin	3.00E+3	0.000018	0.000213	-0.000047	-0.000190	-0.220976	-0.889233
22	15	QGRNSPAP		0.00E+0	Streptavidin	3.00E+3	0.000015	0.000159	0.000032	0.000114	0.200113	0.715549
22	16	QGRNSPAP		0.00E+0	Streptavidin	3.00E+3	-0.000024	0.000109	-0.000008	0.000070	-0.075100	0.644520
22	17	QGRNSPAP		0.00E+0	Streptavidin	3.00E+3	-0.000014	0.000217	0.000089	-0.000304	0.411153	-1.401896
22	18	QGRNSPAP		0.00E+0	Streptavidin	3.00E+3	-0.000004	0.000161	0.000198	-0.000095	1.233701	-0.589075
22	19	QGRNSPAP		0.00E+0	Streptavidin	3.00E+3	0.000045	0.000267	0.000136	0.000145	0.509745	0.543293
22	20	QGRNSPAP		0.00E+0	Streptavidin	3.00E+3	0.000155	0.000221	-0.000054	0.000348	-0.246931	1.578510
22	21	QGRNSPAP		0.00E+0	Streptavidin	3.00E+3	-0.000031	0.000221	0.000152	0.000060	0.688807	0.270526
22	22	QGRNSPAP		0.00E+0	Streptavidin	3.00E+3	-0.000016	0.000215	0.000022	-0.000125	0.103751	-0.579982
22	23	QGRNSPAP		0.00E+0	Streptavidin	3.00E+3	-0.000041	0.000210	0.000108	-0.000124	0.515734	-0.592131
22	24	QGRNSPAP		0.00E+0	Streptavidin	3.00E+3	0.000003	0.000185	0.000277	0.000079	1.496268	0.426686
22	25	QGRNSPAP		0.00E+0	Streptavidin	3.00E+3	0.000042	0.000111	0.000333	0.000199	3.012252	1.794103
22	26	QGRNSPAP		0.00E+0	Streptavidin	3.00E+3	0.000029	0.000215	-0.000108	-0.000061	-0.500123	-0.283790
22	27	QGRNSPAP		0.00E+0	Streptavidin	3.00E+3	-0.000005	0.000189	-0.000125	-0.000020	-0.663481	-0.108342
22	28	QGRNSPAP		0.00E+0	Streptavidin	3.00E+3	0.000065	0.000165	-0.000005	-0.000152	-0.031616	-0.920671
22	29	QGRNSPAP		0.00E+0	Streptavidin	3.00E+3	-0.000031	0.000264	-0.000252	-0.000252	-0.956280	-0.954415
22	30	QGRNSPAP		0.00E+0	Streptavidin	3.00E+3	0.000014	0.000138	0.000169	-0.000137	1.222382	-0.990789
22	31	QGRNSPAP		0.00E+0	Streptavidin	3.00E+3	0.000012	0.000141	-0.000141	0.000155	-0.999482	1.101069
22	32	QGRNSPAP		0.00E+0	Streptavidin	3.00E+3	0.000033	0.000278	-0.000199	-0.000169	-0.717352	-0.610686
22	33	QGRNSPAP		0.00E+0	Streptavidin	3.00E+3	0.000002	0.000219	0.000155	0.000314	0.707074	1.438904
22	34	QGRNSPAP		0.00E+0	Streptavidin	3.00E+3	-0.000036	0.000217	0.000086	-0.000336	0.394351	-1.544848
22	35	QGRNSPAP		0.00E+0	Streptavidin	3.00E+3	-0.000092	0.000169	-0.000078	0.000306	-0.463600	1.814223
22	36	QGRNSPAP		0.00E+0	Streptavidin	3.00E+3	0.000119	0.000195	-0.000256	-0.000096	-1.313909	-0.490218
22	37	QGRNSPAP		0.00E+0	Streptavidin	3.00E+3	-0.000096	0.000132	-0.000105	0.000084	-0.792499	0.636983
22	38	QGRNSPAP		0.00E+0	Streptavidin	3.00E+3	-0.000084	0.000237	-0.000118	-0.000008	-0.496454	-0.032430
22	39	QGRNSPAP		0.00E+0	Streptavidin	3.00E+3	-0.000034	0.000160	-0.000130	-0.000011	-0.809255	-0.070126
22	40	QGRNSPAP		0.00E+0	Streptavidin	3.00E+3	0.000040	0.000213	0.000060	0.000040	0.282178	0.188348
22	41	QGRNSPAP		0.00E+0	Streptavidin	3.00E+3	0.000041	0.000157	-0.000132	0.000299	-0.845141	1.911296
22	42	QGRNSPAP		0.00E+0	Streptavidin	3.00E+3	0.000038	0.000132	0.000101	-0.000451	0.766212	-3.416648
22	43	QGRNSPAP		0.00E+0	Streptavidin	3.00E+3	-0.000092	0.000186	-0.000262	-0.000057	-1.410888	-0.308722
22	44	QGRNSPAP		0.00E+0	Streptavidin	3.00E+3	-0.000123	0.000195	-0.000193	0.000076	-0.989834	0.391068
22	45	QGRNSPAP		0.00E+0	Streptavidin	3.00E+3	-0.000096	0.000136	0.000372	0.000358	2.741570	2.638339
22	46	QGRNSPAP		0.00E+0	Streptavidin	3.00E+3	0.000027	0.000165	-0.000039	0.000225	-0.238822	1.368354
22	47	QGRNSPAP		0.00E+0	Streptavidin	3.00E+3	0.000050	0.000138	-0.000073	0.000061	-0.527070	0.441003
22	48	QGRNSPAP		0.00E+0	Streptavidin	3.00E+3	0.000055	0.000189	0.000227	-0.000136	1.201208	-0.720674
22	49	QGRNSPAP		0.00E+0	Streptavidin	3.00E+3	0.000050	0.000212	-0.000175	-0.000217	-0.826462	-1.020975
22	50	QGRNSPAP		0.00E+0	Streptavidin	3.00E+3	-0.000055	0.000186	-0.000221	0.000052	-1.190461	0.278891
22	51	QGRNSPAP		0.00E+0	Streptavidin	3.00E+3	0.000077	0.000265	-0.000012	0.000388	-0.045193	1.464577
22	52	QGRNSPAP		0.00E+0	Streptavidin	3.00E+3	-0.000065	0.000295	0.000112	-0.000296	0.379375	-1.002972
22	53	QGRNSPAP		0.00E+0	Streptavidin	3.00E+3	-0.000082	0.000216	0.000181	0.000290	0.837061	1.341475
22	54	QGRNSPAP		0.00E+0	Streptavidin	3.00E+3	-0.000059	0.000161	-0.000101	-0.000353	-0.626714	-2.196580
22	55	QGRNSPAP		0.00E+0	Streptavidin	3.00E+3	0.000011	0.000243	0.000000	0.000458	-0.000368	1.880245
22	56	QGRNSPAP		0.00E+0	Streptavidin	3.00E+3	-0.000018	0.000194	-0.000082	0.000064	-0.421300	0.330424
22	57	QGRNSPAP		0.00E+0	Streptavidin	3.00E+3	-0.000131	0.000248	-0.000170	0.000021	-0.686886	0.082945
22	58	QGRNSPAP		0.00E+0	Streptavidin	3.00E+3	-0.000003	0.000217	-0.000147	-0.000412	-0.674739	-1.893367
22	59	QGRNSPAP		0.00E+0	Streptavidin	3.00E+3	0.000060	0.000236	-0.000137	0.000016	-0.580860	0.068549
22	60	QGRNSPAP		0.00E+0	Streptavidin	3.00E+3	-0.000009	0.000187	0.000114	-0.000152	0.610280	-0.811866
22	61	QGRNSPAP		0.00E+0	Streptavidin	3.00E+3	0.000031	0.000275	-0.000397	-0.000157	-1.440352	-0.569011
23	0	QTHPQFAT		0.00E+0	Streptavidin	3.00E+3	-0.000096	0.000211	0.001029	0.000696	4.885681	3.301258
23	1	QTHPQFAT		0.00E+0	Streptavidin	3.00E+3	0.000024	0.000213	0.000897	0.000370	4.216673	1.741338
23	2	QTHPQFAT		0.00E+0	Streptavidin	3.00E+3	-0.000013	0.000187	0.001183	0.000916	6.310481	4.886600
23	3	QTHPQFAT		0.00E+0	Streptavidin	3.00E+3	0.000041	0.000218	0.001093	0.000769	5.009123	3.525872
24	0	QWHPQAGK		0.00E+0	Streptavidin	3.00E+3	0.000033	0.000189	0.001012	0.000651	5.351788	3.443794
24	1	QWHPQAGK		0.00E+0	Streptavidin	3.00E+3	-0.000008	0.000211	0.000990	0.000746	4.684976	3.532444
24	2	QWHPQAGK		0.00E+0	Streptavidin	3.00E+3	0.000020	0.000276	0.001057	0.000593	3.825099	2.147223
24	3	QWHPQAGK		0.00E+0	Streptavidin	3.00E+3	0.000083	0.000221	0.000902	0.000812	4.076574	3.670533
25	0	RTHPQFAT		0.00E+0	Streptavidin	3.00E+3	0.000072	0.000189	0.001381	0.000895	7.323269	4.749030
25	1	RTHPQFAT		0.00E+0	Streptavidin	3.00E+3	0.000086	0.000187	0.000879	0.000586	4.701925	3.135157
25	2	RTHPQFAT		0.00E+0	Streptavidin	3.00E+3	0.000057	0.000217	0.001175	0.000654	5.417815	3.017408
26	0	STHPQFAT		0.00E+0	Streptavidin	3.00E+3	0.000045	0.000221	0.001261	0.001087	5.695890	4.908523
26	1	STHPQFAT		0.00E+0	Streptavidin	3.00E+3	0.000023	0.000238	0.001046	0.000892	4.398279	3.747912
27	0	TKIPTPIV		0.00E+0	Streptavidin	3.00E+3	0.000113	0.000189	0.000079	0.000008	0.419368	0.044792
27	1	TKIPTPIV		0.00E+0	Streptavidin	3.00E+3	0.000152	0.000189	0.000201	0.000027	1.064449	0.141840
27	2	TKIPTPIV		0.00E+0	Streptavidin	3.00E+3	-0.000077	0.000193	-0.000249	0.000064	-1.288749	0.332095
27	3	TKIPTPIV		0.00E+0	Streptavidin	3.00E+3	-0.000075	0.000214	0.000024	-0.000134	0.109991	-0.626446
27	4	TKIPTPIV		0.00E+0	Streptavidin	3.00E+3	-0.000096	0.000223	-0.000607	-0.000408	-2.717022	-1.825910
27	5	TKIPTPIV		0.00E+0	Streptavidin	3.00E+3	0.000012	0.000241	-0.000104	0.000031	-0.431947	0.129448
27	6	TKIPTPIV		0.00E+0	Streptavidin	3.00E+3	-0.000081	0.000189	0.000148	-0.000187	0.782716	-0.987591
27	7	TKIPTPIV		0.00E+0	Streptavidin	3.00E+3	0.000094	0.000189	-0.000145	-0.000071	-0.767951	-0.378478
27	8	TKIPTPIV		0.00E+0	Streptavidin	3.00E+3	-0.000096	0.000268	0.000001	0.000269	0.004907	1.006441
27	9	TKIPTPIV		0.00E+0	Streptavidin	3.00E+3	0.000051	0.000188	0.000095	-0.000174	0.504599	-0.925135
27	10	TKIPTPIV		0.00E+0	Streptavidin	3.00E+3	-0.000007	0.000216	0.000146	0.000365	0.676689	1.691962
27	11	TKIPTPIV		0.00E+0	Streptavidin	3.00E+3	-0.000107	0.000163	-0.000193	0.000122	-1.184103	0.744843
27	12	TKIPTPIV		0.00E+0	Streptavidin	3.00E+3	0.000036	0.000185	-0.000050	0.000036	-0.272053	0.194714
27	13	TKIPTPIV		0.00E+0	Streptavidin	3.00E+3	0.000004	0.000216	0.000161	0.000036	0.748255	0.165590
27	14	TKIPTPIV		0.00E+0	Streptavidin	3.00E+3	0.000097	0.000193	0.000284	0.000322	1.468505	1.664724
27	15	TKIPTPIV		0.00E+0	Streptavidin	3.00E+3	-0.000012	0.000164	-0.000133	0.000246	-0.808462	1.496349
27	16	TKIPTPIV		0.00E+0	Streptavidin	3.00E+3	0.000010	0.000220	-0.000223	-0.000342	-1.017909	-1.558708
27	17	TKIPTPIV		0.00E+0	Streptavidin	3.00E+3	-0.000071	0.000326	0.000368	-0.000280	1.131182	-0.859968
27	18	TKIPTPIV		0.00E+0	Streptavidin	3.00E+3	-0.000016	0.000274	-0.000356	-0.000353	-1.298280	-1.287495
27	19	TKIPTPIV		0.00E+0	Streptavidin	3.00E+3	0.000014	0.000169	-0.000020	-0.000036	-0.115589	-0.213579
27	20	TKIPTPIV		0.00E+0	Streptavidin	3.00E+3	-0.000057	0.000241	0.000089	-0.000085	0.370931	-0.354086
27	21	TKIPTPIV		0.00E+0	Streptavidin	3.00E+3	0.000000	0.000184	0.000075	0.000064	0.406042	0.346145
27	22	TKIPTPIV		0.00E+0	Streptavidin	3.00E+3	0.000048	0.000241	-0.000049	0.000123	-0.204228	0.510263
27	23	TKIPTPIV		0.00E+0	Streptavidin	3.00E+3	0.000024	0.000268	-0.000115	0.000058	-0.429239	0.218047
27	24	TKIPTPIV		0.00E+0	Streptavidin	3.00E+3	-0.000017	0.000162	0.000026	0.000079	0.158809	0.491243
27	25	TKIPTPIV		0.00E+0	Streptavidin	3.00E+3	0.000020	0.000277	0.000122	0.000212	0.441940	0.766722
27	26	TKIPTPIV		0.00E+0	Streptavidin	3.00E+3	0.000043	0.000186	-0.000067	-0.000022	-0.358650	-0.117281
27	27	TKIPTPIV		0.00E+0	Streptavidin	3.00E+3	-0.000043	0.000211	-0.000160	0.000258	-0.759030	1.221792
27	28	TKIPTPIV		0.00E+0	Streptavidin	3.00E+3	-0.000033	0.000186	0.000042	0.000030	0.223770	0.159889
27	29	TKIPTPIV		0.00E+0	Streptavidin	3.00E+3	0.000053	0.000195	-0.000011	-0.000009	-0.058963	-0.045898
27	30	TKIPTPIV		0.00E+0	Streptavidin	3.00E+3	-0.000029	0.000158	-0.000062	0.000049	-0.395621	0.309151
27	31	TKIPTPIV		0.00E+0	Streptavidin	3.00E+3	-0.000038	0.000241	0.000046	-0.000100	0.190284	-0.414230
27	32	TKIPTPIV		0.00E+0	Streptavidin	3.00E+3	0.000027	0.000265	-0.000304	-0.000206	-1.144269	-0.776046
27	33	TKIPTPIV		0.00E+0	Streptavidin	3.00E+3	-0.000027	0.000215	-0.000035	0.000051	-0.165363	0.237076
27	34	TKIPTPIV		0.00E+0	Streptavidin	3.00E+3	0.000123	0.000237	-0.000176	0.000088	-0.742509	0.371679
27	35	TKIPTPIV		0.00E+0	Streptavidin	3.00E+3	0.000023	0.000263	0.000199	0.000333	0.756707	1.268562
27	36	TKIPTPIV		0.00E+0	Streptavidin	3.00E+3	-0.000080	0.000240	-0.000091	-0.000097	-0.378915	-0.404457
27	37	TKIPTPIV		0.00E+0	Streptavidin	3.00E+3	-0.000080	0.000185	-0.000220	0.000184	-1.184449	0.993409
27	38	TKIPTPIV		0.00E+0	Streptavidin	3.00E+3	0.000021	0.000212	0.000014	0.000236	0.065510	1.113135
27	39	TKIPTPIV		0.00E+0	Streptavidin	3.00E+3	0.000051	0.000236	-0.000010	0.000200	-0.043111	0.847179
27	40	TKIPTPIV		0.00E+0	Streptavidin	3.00E+3	0.000032	0.000246	-0.000080	0.000321	-0.325517	1.307584
27	41	TKIPTPIV		0.00E+0	Streptavidin	3.00E+3	0.000001	0.000211	-0.000197	-0.000233	-0.934307	-1.105261
27	42	TKIPTPIV		0.00E+0	Streptavidin	3.00E+3	0.000005	0.000165	-0.000172	-0.000119	-1.040648	-0.722158
27	43	TKIPTPIV		0.00E+0	Streptavidin	3.00E+3	0.000033	0.000214	-0.000242	-0.000053	-1.131096	-0.246585
27	44	TKIPTPIV		0.00E+0	Streptavidin	3.00E+3	0.000042	0.000185	-0.000040	0.000244	-0.218259	1.317115
27	45	TKIPTPIV		0.00E+0	Streptavidin	3.00E+3	-0.000103	0.000237	-0.000065	-0.000393	-0.274316	-1.655900
27	46	TKIPTPIV		0.00E+0	Streptavidin	3.00E+3	0.000006	0.000160	0.000024	0.000001	0.150594	0.003354
27	47	TKIPTPIV		0.00E+0	Streptavidin	3.00E+3	-0.000001	0.000210	-0.000034	-0.000103	-0.162322	-0.491498
27	48	TKIPTPIV		0.00E+0	Streptavidin	3.00E+3	-0.000055	0.000184	-0.000145	-0.000277	-0.786243	-1.500748
27	49	TKIPTPIV		0.00E+0	Streptavidin	3.00E+3	0.000079	0.000291	-0.000193	-0.000053	-0.663195	-0.183514
27	50	TKIPTPIV		0.00E+0	Streptavidin	3.00E+3	-0.000088	0.000212	-0.000100	-0.000074	-0.469493	-0.350392
27	51	TKIPTPIV		0.00E+0	Streptavidin	3.00E+3	-0.000007	0.000190	0.000089	0.000160	0.465142	0.841526
27	52	TKIPTPIV		0.00E+0	Streptavidin	3.00E+3	0.000033	0.000184	-0.000159	0.000103	-0.865974	0.559642
27	53	TKIPTPIV		0.00E+0	Streptavidin	3.00E+3	-0.000052	0.000217	0.000017	0.000116	0.076981	0.535102
27	54	TKIPTPIV		0.00E+0	Streptavidin	3.00E+3	-0.000024	0.000221	0.000020	-0.000043	0.088846	-0.193800
27	55	TKIPTPIV		0.00E+0	Streptavidin	3.00E+3	0.000052	0.000194	-0.000212	-0.000190	-1.092709	-0.983111
27	56	TKIPTPIV		0.00E+0	Streptavidin	3.00E+3	0.000033	0.000133	-0.000080	-0.000101	-0.598998	-0.761025
27	57	TKIPTPIV		0.00E+0	Streptavidin	3.00E+3	-0.000084	0.000216	0.000034	0.000288	0.157947	1.334662
27	58	TKIPTPIV		0.00E+0	Streptavidin	3.00E+3	-0.000072	0.000190	-0.000006	-0.000095	-0.029061	-0.499528
27	59	TKIPTPIV		0.00E+0	Streptavidin	3.00E+3	-0.000014	0.000184	-0.000051	0.000078	-0.274467	0.420869
27	60	TKIPTPIV		0.00E+0	Streptavidin	3.00E+3	0.000010	0.000186	0.000268	0.000512	1.437459	2.750586
27	61	TKIPTPIV		0.00E+0	Streptavidin	3.00E+3	-0.000055	0.000250	-0.000369	0.000134	-1.476302	0.535460
27	62	TKIPTPIV		0.00E+0	Streptavidin	3.00E+3	0.000007	0.000235	0.000019	-0.000127	0.079855	-0.540644
27	63	TKIPTPIV		0.00E+0	Streptavidin	3.00E+3	-0.000072	0.000217	0.000083	0.000010	0.381830	0.046040
27	64	TKIPTPIV		0.00E+0	Streptavidin	3.00E+3	-0.000006	0.000213	0.000040	0.000100	0.186220	0.469105
27	65	TKIPTPIV		0.00E+0	Streptavidin	3.00E+3	0.000010	0.000264	-0.000264	-0.000183	-1.000000	-0.693262
27	66	TKIPTPIV		0.00E+0	Streptavidin	3.00E+3	-0.000041	0.000215	-0.000107	-0.000027	-0.496377	-0.124696
27	67	TKIPTPIV		0.00E+0	Streptavidin	3.00E+3	-0.000117	0.000161	-0.000148	0.000030	-0.920399	0.188843
27	68	TKIPTPIV		0.00E+0	Streptavidin	3.00E+3	0.000011	0.000190	-0.000033	0.000031	-0.173364	0.164933
27	69	TKIPTPIV		0.00E+0	Streptavidin	3.00E+3	0.000007	0.000158	0.000077	0.000209	0.486498	1.320508
27	70	TKIPTPIV		0.00E+0	Streptavidin	3.00E+3	0.000023	0.000242	-0.000046	-0.000112	-0.190919	-0.462164
27	71	TKIPTPIV		0.00E+0	Streptavidin	3.00E+3	-0.000026	0.000159	-0.000008	-0.000029	-0.047369	-0.180801
27	72	TKIPTPIV		0.00E+0	Streptavidin	3.00E+3	0.000039	0.000111	-0.000134	-0.000010	-1.201320	-0.092640
27	73	TKIPTPIV		0.00E+0	Streptavidin	3.00E+3	-0.000036	0.000240	-0.000178	-0.000093	-0.743042	-0.389560
28	0	TKTSPLNS		0.00E+0	Streptavidin	3.00E+3	-0.000157	0.000246	-0.000087	-0.000360	-0.352502	-1.464044
28	1	TKTSPLNS		0.00E+0	Streptavidin	3.00E+3	0.000143	0.000211	0.000103	0.000117	0.484826	0.553768
28	2	TKTSPLNS		0.00E+0	Streptavidin	3.00E+3	-0.000025	0.000188	-0.000071	0.000305	-0.379359	1.626173
28	3	TKTSPLNS		0.00E+0	Streptavidin	3.00E+3	-0.000026	0.000215	-0.000142	-0.000142	-0.661120	-0.659648
28	4	TKTSPLNS		0.00E+0	Streptavidin	3.00E+3	0.000033	0.000192	-0.000008	-0.000017	-0.041477	-0.086554
28	5	TKTSPLNS		0.00E+0	Streptavidin	3.00E+3	-0.000083	0.000196	-0.000289	-0.000403	-1.472799	-2.053329
28	6	TKTSPLNS		0.00E+0	Streptavidin	3.00E+3	0.000050	0.000212	0.000039	0.000194	0.183136	0.917564
28	7	TKTSPLNS		0.00E+0	Streptavidin	3.00E+3	-0.000008	0.000212	0.000197	0.000357	0.929780	1.686008
28	8	TKTSPLNS		0.00E+0	Streptavidin	3.00E+3	0.000029	0.000160	-0.000005	0.000136	-0.029527	0.853147
28	9	TKTSPLNS		0.00E+0	Streptavidin	3.00E+3	-0.000105	0.000242	-0.000146	-0.000184	-0.601359	-0.760721
28	10	TKTSPLNS		0.00E+0	Streptavidin	3.00E+3	-0.000065	0.000225	-0.000050	0.000087	-0.223120	0.386872
28	11	TKTSPLNS		0.00E+0	Streptavidin	3.00E+3	-0.000010	0.000185	-0.000038	0.000204	-0.204733	1.103646
28	12	TKTSPLNS		0.00E+0	Streptavidin	3.00E+3	-0.000017	0.000170	-0.000087	-0.000205	-0.511466	-1.207494
28	13	TKTSPLNS		0.00E+0	Streptavidin	3.00E+3	0.000087	0.000212	0.000134	0.000172	0.632490	0.810717
28	14	TKTSPLNS		0.00E+0	Streptavidin	3.00E+3	0.000048	0.000193	0.000014	0.000134	0.069894	0.690928
28	15	TKTSPLNS		0.00E+0	Streptavidin	3.00E+3	-0.000020	0.000210	-0.000188	-0.000163	-0.895030	-0.774142
28	16	TKTSPLNS		0.00E+0	Streptavidin	3.00E+3	-0.000038	0.000211	-0.000029	0.000211	-0.135670	0.998372
28	17	TKTSPLNS		0.00E+0	Streptavidin	3.00E+3	-0.000038	0.000162	0.000062	0.000120	0.382452	0.744180
28	18	TKTSPLNS		0.00E+0	Streptavidin	3.00E+3	-0.000060	0.000210	-0.000154	0.000128	-0.730604	0.608419
28	19	TKTSPLNS		0.00E+0	Streptavidin	3.00E+3	-0.000052	0.000195	-0.000147	-0.000148	-0.753172	-0.762153
28	20	TKTSPLNS		0.00E+0	Streptavidin	3.00E+3	-0.000031	0.000192	0.000015	0.000123	0.077050	0.640497
28	21	TKTSPLNS		0.00E+0	Streptavidin	3.00E+3	0.000003	0.000238	-0.000067	-0.000029	-0.279702	-0.123297
28	22	TKTSPLNS		0.00E+0	Streptavidin	3.00E+3	-0.000014	0.000240	0.000139	0.000015	0.579372	0.060563
28	23	TKTSPLNS		0.00E+0	Streptavidin	3.00E+3	-0.000014	0.000213	0.000118	0.000141	0.552460	0.658839
28	24	TKTSPLNS		0.00E+0	Streptavidin	3.00E+3	0.000009	0.000184	0.000131	-0.000130	0.712710	-0.705217
28	25	TKTSPLNS		0.00E+0	Streptavidin	3.00E+3	0.000031	0.000213	-0.000193	0.000145	-0.906586	0.682607
28	26	TKTSPLNS		0.00E+0	Streptavidin	3.00E+3	0.000021	0.000237	-0.000043	-0.000048	-0.181251	-0.204049
28	27	TKTSPLNS		0.00E+0	Streptavidin	3.00E+3	0.000092	0.000190	0.000276	0.000422	1.451938	2.219795
28	28	TKTSPLNS		0.00E+0	Streptavidin	3.00E+3	-0.000085	0.000191	-0.000072	-0.000242	-0.376311	-1.265608
28	29	TKTSPLNS		0.00E+0	Streptavidin	3.00E+3	0.000026	0.000167	-0.000042	-0.000047	-0.253304	-0.280613
28	30	TKTSPLNS		0.00E+0	Streptavidin	3.00E+3	-0.000050	0.000211	-0.000114	-0.000065	-0.537879	-0.308480
28	31	TKTSPLNS		0.00E+0	Streptavidin	3.00E+3	-0.000008	0.000161	-0.000123	-0.000091	-0.764183	-0.563436
28	32	TKTSPLNS		0.00E+0	Streptavidin	3.00E+3	-0.000049	0.000216	-0.000081	-0.000315	-0.375231	-1.454922
28	33	TKTSPLNS		0.00E+0	Streptavidin	3.00E+3	0.000100	0.000212	-0.000332	0.000013	-1.562406	0.059275
28	34	TKTSPLNS		0.00E+0	Streptavidin	3.00E+3	-0.000048	0.000184	-0.000142	-0.000336	-0.773336	-1.828101
28	35	TKTSPLNS		0.00E+0	Streptavidin	3.00E+3	0.000026	0.000186	-0.000116	0.000072	-0.622893	0.387022
28	36	TKTSPLNS		0.00E+0	Streptavidin	3.00E+3	0.000045	0.000194	0.000117	-0.000053	0.604821	-0.271179
28	37	TKTSPLNS		0.00E+0	Streptavidin	3.00E+3	-0.000007	0.000162	-0.000151	-0.000177	-0.936473	-1.096000
28	38	TKTSPLNS		0.00E+0	Streptavidin	3.00E+3	-0.000071	0.000210	0.000082	0.000277	0.388141	1.317798
28	39	TKTSPLNS		0.00E+0	Streptavidin	3.00E+3	-0.000019	0.000132	0.000111	-0.000212	0.838403	-1.604771
28	40	TKTSPLNS		0.00E+0	Streptavidin	3.00E+3	-0.000110	0.000322	0.000053	-0.000221	0.165715	-0.684982
28	41	TKTSPLNS		0.00E+0	Streptavidin	3.00E+3	-0.000149	0.000164	-0.000049	-0.000072	-0.299796	-0.437973
28	42	TKTSPLNS		0.00E+0	Streptavidin	3.00E+3	-0.000022	0.000210	-0.000056	-0.000129	-0.267808	-0.615042
28	43	TKTSPLNS		0.00E+0	Streptavidin	3.00E+3	-0.000052	0.000160	0.000047	-0.000293	0.296391	-1.839212
28	44	TKTSPLNS		0.00E+0	Streptavidin	3.00E+3	0.000030	0.000164	-0.000064	-0.000211	-0.390934	-1.285022
28	45	TKTSPLNS		0.00E+0	Streptavidin	3.00E+3	0.000114	0.000159	0.000131	-0.000054	0.825795	-0.338805
28	46	TKTSPLNS		0.00E+0	Streptavidin	3.00E+3	0.000014	0.000267	-0.000237	0.000134	-0.888013	0.501295
28	47	TKTSPLNS		0.00E+0	Streptavidin	3.00E+3	-0.000077	0.000239	-0.000224	-0.000445	-0.939085	-1.864294
28	48	TKTSPLNS		0.00E+0	Streptavidin	3.00E+3	-0.000030	0.000218	-0.000101	0.000031	-0.463342	0.140542
28	49	TKTSPLNS		0.00E+0	Streptavidin	3.00E+3	-0.000075	0.000158	-0.000437	-0.000328	-2.757585	-2.073031
28	50	TKTSPLNS		0.00E+0	Streptavidin	3.00E+3	-0.000048	0.000212	0.000177	-0.000013	0.834344	-0.063485
28	51	TKTSPLNS		0.00E+0	Streptavidin	3.00E+3	0.000081	0.000106	0.000150	0.000095	1.410903	0.894134
28	52	TKTSPLNS		0.00E+0	Streptavidin	3.00E+3	0.000113	0.000265	-0.000058	0.000121	-0.220100	0.457629
28	53	TKTSPLNS		0.00E+0	Streptavidin	3.00E+3	-0.000025	0.000267	-0.000138	-0.000026	-0.517988	-0.095521
28	54	TKTSPLNS		0.00E+0	Streptavidin	3.00E+3	-0.000040	0.000188	-0.000186	-0.000197	-0.992868	-1.051123
28	55	TKTSPLNS		0.00E+0	Streptavidin	3.00E+3	0.000075	0.000224	0.000031	0.000272	0.140429	1.215086
28	56	TKTSPLNS		0.00E+0	Streptavidin	3.00E+3	-0.000035	0.000191	-0.000240	0.000209	-1.258645	1.097449
28	57	TKTSPLNS		0.00E+0	Streptavidin	3.00E+3	-0.000033	0.000158	-0.000073	-0.000134	-0.461775	-0.847678
28	58	TKTSPLNS		0.00E+0	Streptavidin	3.00E+3	0.000048	0.000158	-0.000150	0.000029	-0.944337	0.181264
28	59	TKTSPLNS		0.00E+0	Streptavidin	3.00E+3	0.000079	0.000289	-0.000354	-0.000338	-1.224595	-1.167688
28	60	TKTSPLNS		0.00E+0	Streptavidin	3.00E+3	-0.000072	0.000190	-0.000065	0.000025	-0.339507	0.129278
28	61	TKTSPLNS		0.00E+0	Streptavidin	3.00E+3	-0.000119	0.000188	0.000406	0.000215	2.166777	1.148361
28	62	TKTSPLNS		0.00E+0	Streptavidin	3.00E+3	0.000016	0.000246	-0.000105	0.000225	-0.427279	0.914714
28	63	TKTSPLNS		0.00E+0	Streptavidin	3.00E+3	0.000054	0.000236	-0.000147	0.000100	-0.623423	0.421216
28	64	TKTSPLNS		0.00E+0	Streptavidin	3.00E+3	-0.000013	0.000186	-0.000104	0.000212	-0.556809	1.138610
28	65	TKTSPLNS		0.00E+0	Streptavidin	3.00E+3	0.000053	0.000211	0.000072	0.000239	0.342329	1.129671
28	66	TKTSPLNS		0.00E+0	Streptavidin	3.00E+3	0.000003	0.000160	-0.000001	0.000415	-0.004966	2.601890
28	67	TKTSPLNS		0.00E+0	Streptavidin	3.00E+3	-0.000068	0.000269	0.000235	0.000408	0.873781	1.515775
28	68	TKTSPLNS		0.00E+0	Streptavidin	3.00E+3	0.000044	0.000157	-0.000174	-0.000143	-1.103782	-0.906884
28	69	TKTSPLNS		0.00E+0	Streptavidin	3.00E+3	-0.000005	0.000191	0.000119	0.000013	0.623821	0.067549
28	70	TKTSPLNS		0.00E+0	Streptavidin	3.00E+3	-0.000036	0.000211	-0.000149	-0.000062	-0.705637	-0.293978
28	71	TKTSPLNS		0.00E+0	Streptavidin	3.00E+3	0.000074	0.000218	-0.000070	-0.000312	-0.323270	-1.434718
28	72	TKTSPLNS		0.00E+0	Streptavidin	3.00E+3	-0.000151	0.000272	-0.000247	-0.000035	-0.908262	-0.128406
28	73	TKTSPLNS		0.00E+0	Streptavidin	3.00E+3	-0.000024	0.000186	0.000104	0.000120	0.559025	0.643151
28	74	TKTSPLNS		0.00E+0	Streptavidin	3.00E+3	0.000034	0.000239	-0.000083	-0.000322	-0.345646	-1.343626
28	75	TKTSPLNS		0.00E+0	Streptavidin	3.00E+3	0.000021	0.000158	0.000461	0.000703	2.924031	4.457662
28	76	TKTSPLNS		0.00E+0	Streptavidin	3.00E+3	0.000024	0.000214	0.000092	0.000251	0.431042	1.172935
29	0	TTHPQFAT		0.00E+0	Streptavidin	3.00E+3	0.000103	0.000108	0.001210	0.000885	11.180537	8.175840
29	1	TTHPQFAT		0.00E+0	Streptavidin	3.00E+3	-0.000064	0.000158	0.000884	0.000351	5.586283	2.216546
29	2	TTHPQFAT		0.00E+0	Streptavidin	3.00E+3	-0.000095	0.000265	0.000912	0.000725	3.440620	2.736000
29	3	TTHPQFAT		0.00E+0	Streptavidin	3.00E+3	-0.000089	0.000221	0.000901	0.000555	4.081806	2.515120
30	0	VKLTALND		0.00E+0	Streptavidin	3.00E+3	-0.000022	0.000388	0.000072	0.000054	0.186077	0.139187
30	1	VKLTALND		0.00E+0	Streptavidin	3.00E+3	-0.000001	0.000221	-0.000156	-0.000198	-0.707108	-0.897175
30	2	VKLTALND		0.00E+0	Streptavidin	3.00E+3	0.000053	0.000275	-0.000193	-0.000142	-0.702793	-0.516293
30	3	VKLTALND		0.00E+0	Streptavidin	3.00E+3	-0.000093	0.000236	-0.000288	-0.000107	-1.219884	-0.453519
30	4	VKLTALND		0.00E+0	Streptavidin	3.00E+3	0.000062	0.000190	-0.000060	0.000175	-0.318069	0.923960
30	5	VKLTALND		0.00E+0	Streptavidin	3.00E+3	0.000108	0.000220	-0.000290	-0.000054	-1.317878	-0.245028
30	6	VKLTALND		0.00E+0	Streptavidin	3.00E+3	-0.000019	0.000190	-0.000323	-0.000502	-1.703599	-2.647690
30	7	VKLTALND		0.00E+0	Streptavidin	3.00E+3	-0.000109	0.000220	-0.000154	0.000247	-0.697198	1.122647
30	8	VKLTALND		0.00E+0	Streptavidin	3.00E+3	-0.000068	0.000212	0.000134	0.000159	0.631533	0.746751
30	9	VKLTALND		0.00E+0	Streptavidin	3.00E+3	-0.000042	0.000216	-0.000084	-0.000288	-0.390888	-1.332526
30	10	VKLTALND		0.00E+0	Streptavidin	3.00E+3	-0.000051	0.000236	-0.000358	-0.000216	-1.513497	-0.913956
30	11	VKLTALND		0.00E+0	Streptavidin	3.00E+3	0.000154	0.000212	0.000168	0.000186	0.796265	0.880857
30	12	VKLTALND		0.00E+0	Streptavidin	3.00E+3	0.000085	0.000237	0.000152	-0.000009	0.640657	-0.039958
30	13	VKLTALND		0.00E+0	Streptavidin	3.00E+3	0.000057	0.000242	0.000152	-0.000044	0.627508	-0.183308
30	14	VKLTALND		0.00E+0	Streptavidin	3.00E+3	-0.000023	0.000212	-0.000011	0.000138	-0.052230	0.653462
30	15	VKLTALND		0.00E+0	Streptavidin	3.00E+3	-0.000035	0.000272	-0.000232	-0.000325	-0.851961	-1.194348
30	16	VKLTALND		0.00E+0	Streptavidin	3.00E+3	0.000115	0.000163	0.000018	0.000064	0.107113	0.389475
30	17	VKLTALND		0.00E+0	Streptavidin	3.00E+3	0.000077	0.000164	-0.000185	-0.000084	-1.129607	-0.515916
30	18	VKLTALND		0.00E+0	Streptavidin	3.00E+3	0.000013	0.000335	-0.000082	-0.000114	-0.245792	-0.340543
30	19	VKLTALND		0.00E+0	Streptavidin	3.00E+3	-0.000031	0.000168	0.000063	0.000322	0.375532	1.922549
30	20	VKLTALND		0.00E+0	Streptavidin	3.00E+3	-0.000080	0.000224	-0.000232	-0.000099	-1.037391	-0.444916
30	21	VKLTALND		0.00E+0	Streptavidin	3.00E+3	0.000016	0.000210	0.000032	0.000163	0.153629	0.775689
30	22	VKLTALND		0.00E+0	Streptavidin	3.00E+3	-0.000076	0.000108	0.000291	0.000215	2.688952	1.990809
30	23	VKLTALND		0.00E+0	Streptavidin	3.00E+3	0.000044	0.000223	-0.000198	-0.000190	-0.888108	-0.851348
30	24	VKLTALND		0.00E+0	Streptavidin	3.00E+3	0.000060	0.000184	-0.000081	-0.000109	-0.441206	-0.595845
30	25	VKLTALND		0.00E+0	Streptavidin	3.00E+3	0.000072	0.000134	0.000037	-0.000120	0.278391	-0.898623
30	26	VKLTALND		0.00E+0	Streptavidin	3.00E+3	0.000002	0.000159	0.000067	0.000186	0.424992	1.170676
30	27	VKLTALND		0.00E+0	Streptavidin	3.00E+3	-0.000047	0.000135	-0.000221	-0.000042	-1.644896	-0.312087
30	28	VKLTALND		0.00E+0	Streptavidin	3.00E+3	0.000081	0.000243	-0.000225	-0.000032	-0.922877	-0.132535
30	29	VKLTALND		0.00E+0	Streptavidin	3.00E+3	0.000004	0.000161	-0.000032	-0.000190	-0.200242	-1.174938
30	30	VKLTALND		0.00E+0	Streptavidin	3.00E+3	-0.000062	0.000161	0.000029	-0.000448	0.177299	-2.776546
30	31	VKLTALND		0.00E+0	Streptavidin	3.00E+3	-0.000018	0.000184	-0.000215	-0.000066	-1.171181	-0.360969
30	32	VKLTALND		0.00E+0	Streptavidin	3.00E+3	-0.000038	0.000210	-0.000287	-0.000470	-1.362276	-2.235201
30	33	VKLTALND		0.00E+0	Streptavidin	3.00E+3	-0.000049	0.000215	0.000292	0.000210	1.355431	0.974347
30	34	VKLTALND		0.00E+0	Streptavidin	3.00E+3	-0.000022	0.000269	-0.000005	0.000048	-0.020191	0.177049
30	35	VKLTALND		0.00E+0	Streptavidin	3.00E+3	0.000017	0.000220	0.000003	0.000187	0.012087	0.850759
30	36	VKLTALND		0.00E+0	Streptavidin	3.00E+3	0.000003	0.000263	-0.000082	0.000061	-0.309722	0.230387
30	37	VKLTALND		0.00E+0	Streptavidin	3.00E+3	0.000001	0.000187	0.000064	-0.000369	0.340916	-1.975294
30	38	VKLTALND		0.00E+0	Streptavidin	3.00E+3	0.000043	0.000276	-0.000024	-0.000228	-0.087584	-0.827791
30	39	VKLTALND		0.00E+0	Streptavidin	3.00E+3	-0.000037	0.000160	0.000010	-0.000139	0.064154	-0.868758
30	40	VKLTALND		0.00E+0	Streptavidin	3.00E+3	-0.000058	0.000290	-0.000205	0.000257	-0.707527	0.886522
30	41	VKLTALND		0.00E+0	Streptavidin	3.00E+3	0.000113	0.000135	-0.000012	0.000134	-0.091905	0.992556
30	42	VKLTALND		0.00E+0	Streptavidin	3.00E+3	-0.000098	0.000185	-0.000407	-0.000213	-2.204447	-1.155254
30	43	VKLTALND		0.00E+0	Streptavidin	3.00E+3	0.000100	0.000296	-0.000288	-0.000233	-0.972460	-0.787694
30	44	VKLTALND		0.00E+0	Streptavidin	3.00E+3	-0.000010	0.000245	-0.000055	-0.000184	-0.226185	-0.753638
30	45	VKLTALND		0.00E+0	Streptavidin	3.00E+3	-0.000112	0.000212	0.000111	-0.000035	0.521874	-0.163294
30	46	VKLTALND		0.00E+0	Streptavidin	3.00E+3	-0.000019	0.000214	-0.000086	0.000088	-0.402649	0.412116
30	47	VKLTALND		0.00E+0	Streptavidin	3.00E+3	-0.000009	0.000291	-0.000073	0.000085	-0.250172	0.291330
30	48	VKLTALND		0.00E+0	Streptavidin	3.00E+3	0.000035	0.000209	0.000103	0.000072	0.490091	0.344382
30	49	VKLTALND		0.00E+0	Streptavidin	3.00E+3	0.000065	0.000238	0.000212	0.000174	0.892306	0.730502
30	50	VKLTALND		0.00E+0	Streptavidin	3.00E+3	-0.000038	0.000266	-0.000132	-0.000142	-0.496716	-0.533717
30	51	VKLTALND		0.00E+0	Streptavidin	3.00E+3	-0.000134	0.000160	-0.000064	0.000096	-0.403744	0.601749
30	52	VKLTALND		0.00E+0	Streptavidin	3.00E+3	-0.000106	0.000184	-0.000305	-0.000373	-1.652338	-2.020571
30	53	VKLTALND		0.00E+0	Streptavidin	3.00E+3	-0.000043	0.000238	-0.000454	-0.000236	-1.908993	-0.993231
30	54	VKLTALND		0.00E+0	Streptavidin	3.00E+3	-0.000028	0.000243	-0.000202	-0.000019	-0.831776	-0.077626
30	55	VKLTALND		0.00E+0	Streptavidin	3.00E+3	0.000055	0.000210	0.000145	0.000132	0.689442	0.631468
30	56	VKLTALND		0.00E+0	Streptavidin	3.00E+3	-0.000009	0.000161	-0.000047	0.000006	-0.290580	0.039069
30	57	VKLTALND		0.00E+0	Streptavidin	3.00E+3	-0.000115	0.000213	0.000005	-0.000034	0.025435	-0.158575
30	58	VKLTALND		0.00E+0	Streptavidin	3.00E+3	-0.000027	0.000162	-0.000449	-0.000078	-2.779057	-0.481588
30	59	VKLTALND		0.00E+0	Streptavidin	3.00E+3	0.000009	0.000168	-0.000175	0.000032	-1.041307	0.190072
30	60	VKLTALND		0.00E+0	Streptavidin	3.00E+3	0.000006	0.000157	-0.000137	-0.000377	-0.871128	-2.395566
30	61	VKLTALND		0.00E+0	Streptavidin	3.00E+3	-0.000025	0.000264	0.000222	0.000123	0.841128	0.467819
30	62	VKLTALND		0.00E+0	Streptavidin	3.00E+3	-0.000014	0.000161	-0.000051	0.000023	-0.320215	0.145928
30	63	VKLTALND		0.00E+0	Streptavidin	3.00E+3	-0.000038	0.000158	-0.000180	-0.000156	-1.137852	-0.984840
30	64	VKLTALND		0.00E+0	Streptavidin	3.00E+3	-0.000065	0.000246	0.000167	-0.000042	0.676978	-0.170077
30	65	VKLTALND		0.00E+0	Streptavidin	3.00E+3	-0.000067	0.000134	-0.000342	-0.000106	-2.561945	-0.792751
30	66	VKLTALND		0.00E+0	Streptavidin	3.00E+3	-0.000038	0.000187	0.000186	-0.000068	0.993809	-0.363185
30	67	VKLTALND		0.00E+0	Streptavidin	3.00E+3	-0.000017	0.000193	0.000105	0.000098	0.543700	0.508867
30	68	VKLTALND		0.00E+0	Streptavidin	3.00E+3	-0.000022	0.000158	0.000020	0.000020	0.126628	0.128047
30	69	VKLTALND		0.00E+0	Streptavidin	3.00E+3	0.000046	0.000211	0.000111	0.000151	0.523092	0.714865
30	70	VKLTALND		0.00E+0	Streptavidin	3.00E+3	-0.000055	0.000241	-0.000207	-0.000088	-0.859902	-0.366081
30	71	VKLTALND		0.00E+0	Streptavidin	3.00E+3	0.000023	0.000134	-0.000095	-0.000019	-0.711004	-0.143301
30	72	VKLTALND		0.00E+0	Streptavidin	3.00E+3	-0.000022	0.000190	0.000074	0.000101	0.386548	0.532812
30	73	VKLTALND		0.00E+0	Streptavidin	3.00E+3	-0.000007	0.000246	-0.000073	0.000144	-0.298607	0.584831
30	74	VKLTALND		0.00E+0	Streptavidin	3.00E+3	0.000042	0.000135	-0.000183	-0.000450	-1.356339	-3.327021
30	75	VKLTALND		0.00E+0	Streptavidin	3.00E+3	0.000052	0.000210	0.000092	0.000162	0.436489	0.768933
30	76	VKLTALND		0.00E+0	Streptavidin	3.00E+3	-0.000044	0.000185	-0.000089	0.000055	-0.477353	0.296575
30	77	VKLTALND		0.00E+0	Streptavidin	3.00E+3	0.000016	0.000195	-0.000046	-0.000147	-0.237448	-0.755761
31	0	VTHPQFAT		0.00E+0	Streptavidin	3.00E+3	-0.000153	0.000221	0.001333	0.000972	6.036293	4.401407
31	1	VTHPQFAT		0.00E+0	Streptavidin	3.00E+3	-0.000018	0.000215	0.000894	0.000402	4.159580	1.872555
31	2	VTHPQFAT		0.00E+0	Streptavidin	3.00E+3	0.000080	0.000157	0.001149	0.000920	7.308883	5.848605
31	3	VTHPQFAT		0.00E+0	Streptavidin	3.00E+3	-0.000014	0.000160	0.001087	0.000692	6.805853	4.334897
32	0	WAHPQFAT		0.00E+0	Streptavidin	3.00E+3	-0.000041	0.000163	0.000938	0.000760	5.737252	4.648943
32	1	WAHPQFAT		0.00E+0	Streptavidin	3.00E+3	-0.000038	0.000167	0.001147	0.000817	6.889717	4.907677
33	0	WCHPQFAT		0.00E+0	Streptavidin	3.00E+3	0.000049	0.000137	0.000941	0.000376	6.865459	2.742669
33	1	WCHPQFAT		0.00E+0	Streptavidin	3.00E+3	-0.000082	0.000327	0.001247	0.000546	3.813341	1.668290
33	2	WCHPQFAT		0.00E+0	Streptavidin	3.00E+3	0.000029	0.000222	0.001190	0.000758	5.361696	3.413296
33	3	WCHPQFAT		0.00E+0	Streptavidin	3.00E+3	-0.000090	0.000266	0.001180	0.000425	4.440937	1.600660
34	0	WDHPQFAT		0.00E+0	Streptavidin	3.00E+3	0.000025	0.000163	0.001264	0.001108	7.775408	6.816481
34	1	WDHPQFAT		0.00E+0	Streptavidin	3.00E+3	-0.000004	0.000158	0.000830	0.001065	5.253742	6.743938
34	2	WDHPQFAT		0.00E+0	Streptavidin	3.00E+3	0.000063	0.000268	0.001470	0.001275	5.480072	4.751264
35	0	WEHPQFAT		0.00E+0	Streptavidin	3.00E+3	0.000049	0.000191	0.001523	0.001245	7.964857	6.513640
35	1	WEHPQFAT		0.00E+0	Streptavidin	3.00E+3	-0.000007	0.000133	0.001417	0.001056	10.640315	7.931511
35	2	WEHPQFAT		0.00E+0	Streptavidin	3.00E+3	-0.000015	0.000211	0.000924	0.000579	4.374869	2.738415
36	0	WFHPQFAT		0.00E+0	Streptavidin	3.00E+3	-0.000006	0.000217	0.000966	0.000361	4.457154	1.668142
36	1	WFHPQFAT		0.00E+0	Streptavidin	3.00E+3	-0.000100	0.000210	0.000686	0.000314	3.270070	1.494951
36	2	WFHPQFAT		0.00E+0	Streptavidin	3.00E+3	0.000066	0.000237	0.000666	0.000654	2.815116	2.761007
37	0	WGHPQFAT		0.00E+0	Streptavidin	3.00E+3	-0.000057	0.000159	0.000841	0.000177	5.292870	1.110887
37	1	WGHPQFAT		0.00E+0	Streptavidin	3.00E+3	-0.000039	0.000183	0.000617	0.000461	3.367745	2.515497
37	2	WGHPQFAT		0.00E+0	Streptavidin	3.00E+3	0.000044	0.000188	0.001175	0.000697	6.236197	3.698513
38	0	WHHPQFAT		0.00E+0	Streptavidin	3.00E+3	0.000025	0.000160	0.001078	0.000869	6.742702	5.433787
38	1	WHHPQFAT		0.00E+0	Streptavidin	3.00E+3	0.000039	0.000238	0.000925	0.000477	3.887709	2.003768
38	2	WHHPQFAT		0.00E+0	Streptavidin	3.00E+3	0.000018	0.000184	0.001143	0.000783	6.202844	4.250914
39	0	WIHPQFAT		0.00E+0	Streptavidin	3.00E+3	-0.000059	0.000160	0.000841	0.000593	5.256494	3.703828
39	1	WIHPQFAT		0.00E+0	Streptavidin	3.00E+3	0.000033	0.000185	0.001299	0.000668	7.021884	3.608162
40	0	WKHPQFAT		0.00E+0	Streptavidin	3.00E+3	0.000033	0.000163	0.000744	0.000332	4.573514	2.039500
40	1	WKHPQFAT		0.00E+0	Streptavidin	3.00E+3	-0.000022	0.000164	0.001148	0.000667	6.982199	4.057707
40	2	WKHPQFAT		0.00E+0	Streptavidin	3.00E+3	0.000083	0.000210	0.001188	0.000471	5.644369	2.240156
41	0	WLHPQFAT		0.00E+0	Streptavidin	3.00E+3	0.000017	0.000185	0.000802	0.000411	4.339685	2.225379
41	1	WLHPQFAT		0.00E+0	Streptavidin	3.00E+3	0.000117	0.000242	0.001469	0.001080	6.074226	4.465736
41	2	WLHPQFAT		0.00E+0	Streptavidin	3.00E+3	0.000052	0.000210	0.001064	0.000877	5.077153	4.182427
42	0	WMHPQFAT		0.00E+0	Streptavidin	3.00E+3	-0.000025	0.000163	0.000990	0.000806	6.087206	4.957277
42	1	WMHPQFAT		0.00E+0	Streptavidin	3.00E+3	0.000051	0.000215	0.001390	0.000968	6.464569	4.502605
42	2	WMHPQFAT		0.00E+0	Streptavidin	3.00E+3	-0.000062	0.000106	0.001402	0.000974	13.203509	9.171353
42	3	WMHPQFAT		0.00E+0	Streptavidin	3.00E+3	0.000000	0.000162	0.001089	0.000879	6.735846	5.435168
43	0	WNHPQFAT		0.00E+0	Streptavidin	3.00E+3	0.000030	0.000210	0.001002	0.000712	4.766550	3.387951
43	1	WNHPQFAT		0.00E+0	Streptavidin	3.00E+3	-0.000030	0.000132	0.001130	0.000616	8.554948	4.668066
43	2	WNHPQFAT		0.00E+0	Streptavidin	3.00E+3	-0.000031	0.000213	0.001030	0.000800	4.830921	3.749176
44	0	WPHPQFAT		0.00E+0	Streptavidin	3.00E+3	-0.000055	0.000167	0.001409	0.001164	8.431748	6.963172
44	1	WPHPQFAT		0.00E+0	Streptavidin	3.00E+3	-0.000079	0.000192	0.001370	0.001522	7.127067	7.915007
44	2	WPHPQFAT		0.00E+0	Streptavidin	3.00E+3	0.000142	0.000161	0.001399	0.000962	8.713843	5.990295
45	0	WQHPQFAT		0.00E+0	Streptavidin	3.00E+3	0.000018	0.000211	0.000914	0.000892	4.334435	4.229128
45	1	WQHPQFAT		0.00E+0	Streptavidin	3.00E+3	0.000008	0.000243	0.001682	0.001450	6.916088	5.964044
45	2	WQHPQFAT		0.00E+0	Streptavidin	3.00E+3	-0.000121	0.000194	0.001611	0.001037	8.302066	5.341487
46	0	WRHPQFAT		0.00E+0	Streptavidin	3.00E+3	0.000104	0.000223	0.001295	0.000832	5.812181	3.735004
46	1	WRHPQFAT		0.00E+0	Streptavidin	3.00E+3	0.000066	0.000224	0.001273	0.001047	5.692222	4.683172
47	0	WSHPQFAT		0.00E+0	Streptavidin	3.00E+3	0.000029	0.000166	0.001155	0.000633	6.947777	3.808914
47	1	WSHPQFAT		0.00E+0	Streptavidin	3.00E+3	0.000040	0.000158	0.000879	0.000421	5.560665	2.663144
47	2	WSHPQFAT		0.00E+0	Streptavidin	3.00E+3	-0.000058	0.000246	0.001190	0.000890	4.836582	3.619046
47	3	WSHPQFAT		0.00E+0	Streptavidin	3.00E+3	-0.000015	0.000158	0.000925	0.000403	5.856082	2.548945
48	0	WTAPQFAT		0.00E+0	Streptavidin	3.00E+3	-0.000092	0.000273	-0.000037	0.000211	-0.133970	0.772098
48	1	WTAPQFAT		0.00E+0	Streptavidin	3.00E+3	0.000003	0.000166	-0.000141	-0.000020	-0.849952	-0.118610
48	2	WTAPQFAT		0.00E+0	Streptavidin	3.00E+3	0.000015	0.000107	0.000165	0.000114	1.542715	1.069589
49	0	WTCPQFAT		0.00E+0	Streptavidin	3.00E+3	0.000087	0.000162	0.000245	0.000392	1.508374	2.417437
49	1	WTCPQFAT		0.00E+0	Streptavidin	3.00E+3	-0.000031	0.000189	-0.000038	-0.000114	-0.200279	-0.601060
49	2	WTCPQFAT		0.00E+0	Streptavidin	3.00E+3	0.000047	0.000245	-0.000151	-0.000063	-0.615562	-0.257813
49	3	WTCPQFAT		0.00E+0	Streptavidin	3.00E+3	0.000031	0.000159	-0.000057	0.000129	-0.359194	0.811466
50	0	WTDPQFAT		0.00E+0	Streptavidin	3.00E+3	-0.000032	0.000218	-0.000048	-0.000197	-0.220810	-0.903082
50	1	WTDPQFAT		0.00E+0	Streptavidin	3.00E+3	-0.000124	0.000221	-0.000296	-0.000088	-1.337560	-0.398974
50	2	WTDPQFAT		0.00E+0	Streptavidin	3.00E+3	-0.000017	0.000159	-0.000155	0.000119	-0.976953	0.746421
50	3	WTDPQFAT		0.00E+0	Streptavidin	3.00E+3	0.000040	0.000212	-0.000182	0.000054	-0.858940	0.256361
51	0	WTEPQFAT		0.00E+0	Streptavidin	3.00E+3	0.000072	0.000210	-0.000174	-0.000041	-0.825938	-0.194000
51	1	WTEPQFAT		0.00E+0	Streptavidin	3.00E+3	-0.000018	0.000132	-0.000083	-0.000142	-0.624538	-1.072540
51	2	WTEPQFAT		0.00E+0	Streptavidin	3.00E+3	-0.000075	0.000157	-0.000058	-0.000136	-0.367182	-0.866334
52	0	WTFPQFAT		0.00E+0	Streptavidin	3.00E+3	-0.000031	0.000164	-0.000034	-0.000014	-0.209386	-0.085825
52	1	WTFPQFAT		0.00E+0	Streptavidin	3.00E+3	0.000026	0.000191	-0.000008	-0.000244	-0.043198	-1.276469
52	2	WTFPQFAT		0.00E+0	Streptavidin	3.00E+3	-0.000008	0.000241	-0.000144	0.000333	-0.597196	1.382593
52	3	WTFPQFAT		0.00E+0	Streptavidin	3.00E+3	0.000021	0.000264	-0.000253	-0.000305	-0.960571	-1.158474
53	0	WTGPQFAT		0.00E+0	Streptavidin	3.00E+3	0.000043	0.000213	0.000040	0.000140	0.188074	0.655068
53	1	WTGPQFAT		0.00E+0	Streptavidin	3.00E+3	-0.000018	0.000184	0.000265	0.000168	1.436479	0.912850
53	2	WTGPQFAT		0.00E+0	Streptavidin	3.00E+3	-0.000015	0.000215	-0.000135	-0.000084	-0.625604	-0.390481
53	3	WTGPQFAT		0.00E+0	Streptavidin	3.00E+3	-0.000127	0.000271	-0.000029	-0.000243	-0.107852	-0.897113
54	0	WTHAQFAT		0.00E+0	Streptavidin	3.00E+3	-0.000104	0.000270	-0.000110	-0.000044	-0.407557	-0.161182
54	1	WTHAQFAT		0.00E+0	Streptavidin	3.00E+3	-0.000022	0.000264	-0.000078	-0.000165	-0.293700	-0.622669
54	2	WTHAQFAT		0.00E+0	Streptavidin	3.00E+3	-0.000046	0.000158	-0.000077	-0.000089	-0.486604	-0.564716
54	3	WTHAQFAT		0.00E+0	Streptavidin	3.00E+3	0.000010	0.000276	0.000139	0.000171	0.505016	0.617711
55	0	WTHCQFAT		0.00E+0	Streptavidin	3.00E+3	-0.000188	0.000163	-0.000601	-0.000643	-3.689955	-3.949021
56	0	WTHDQFAT		0.00E+0	Streptavidin	3.00E+3	-0.000059	0.000247	0.000211	0.000143	0.853196	0.580920
56	1	WTHDQFAT		0.00E+0	Streptavidin	3.00E+3	-0.000004	0.000167	-0.000154	0.000201	-0.926101	1.202665
56	2	WTHDQFAT		0.00E+0	Streptavidin	3.00E+3	0.000052	0.000188	-0.000029	0.000289	-0.157016	1.542640
56	3	WTHDQFAT		0.00E+0	Streptavidin	3.00E+3	0.000039	0.000193	0.000582	0.000484	3.023090	2.514002
57	0	WTHEQFAT		0.00E+0	Streptavidin	3.00E+3	-0.000024	0.000136	-0.000069	-0.000246	-0.506534	-1.811978
57	1	WTHEQFAT		0.00E+0	Streptavidin	3.00E+3	-0.000115	0.000211	-0.000267	-0.000481	-1.262492	-2.275726
57	2	WTHEQFAT		0.00E+0	Streptavidin	3.00E+3	0.000024	0.000276	-0.000104	0.000098	-0.376550	0.356104
57	3	WTHEQFAT		0.00E+0	Streptavidin	3.00E+3	-0.000043	0.000212	-0.000105	-0.000181	-0.495001	-0.852798
58	0	WTHFQFAT		0.00E+0	Streptavidin	3.00E+3	-0.000079	0.000326	0.000058	-0.000103	0.176602	-0.314749
58	1	WTHFQFAT		0.00E+0	Streptavidin	3.00E+3	0.000004	0.000134	0.000080	-0.000039	0.597224	-0.288948
59	0	WTHGQFAT		0.00E+0	Streptavidin	3.00E+3	-0.000042	0.000192	0.000091	0.000381	0.474355	1.984776
59	1	WTHGQFAT		0.00E+0	Streptavidin	3.00E+3	-0.000066	0.000241	-0.000069	-0.000211	-0.285215	-0.877000
59	2	WTHGQFAT		0.00E+0	Streptavidin	3.00E+3	-0.000038	0.000183	0.000010	0.000024	0.056436	0.129192
60	0	WTHHQFAT		0.00E+0	Streptavidin	3.00E+3	-0.000046	0.000297	0.000267	0.000076	0.898998	0.254474
60	1	WTHHQFAT		0.00E+0	Streptavidin	3.00E+3	0.000002	0.000215	0.000137	0.000032	0.637672	0.148828
60	2	WTHHQFAT		0.00E+0	Streptavidin	3.00E+3	-0.000014	0.000158	-0.000018	-0.000106	-0.112464	-0.670582
61	0	WTHIQFAT		0.00E+0	Streptavidin	3.00E+3	0.000000	0.000160	-0.000026	0.000136	-0.162762	0.848199
61	1	WTHIQFAT		0.00E+0	Streptavidin	3.00E+3	0.000028	0.000210	0.000185	-0.000106	0.879284	-0.505113
61	2	WTHIQFAT		0.00E+0	Streptavidin	3.00E+3	-0.000013	0.000160	0.000115	0.000102	0.719358	0.635314
61	3	WTHIQFAT		0.00E+0	Streptavidin	3.00E+3	-0.000018	0.000189	0.000029	0.000146	0.153879	0.768689
62	0	WTHKQFAT		0.00E+0	Streptavidin	3.00E+3	0.000146	0.000218	0.000395	0.000156	1.808292	0.715009
62	1	WTHKQFAT		0.00E+0	Streptavidin	3.00E+3	-0.000081	0.000184	-0.000295	-0.000068	-1.603459	-0.371489
62	2	WTHKQFAT		0.00E+0	Streptavidin	3.00E+3	-0.000050	0.000163	0.000113	0.000217	0.688969	1.326619
63	0	WTHLQFAT		0.00E+0	Streptavidin	3.00E+3	-0.000033	0.000237	-0.000066	0.000072	-0.280433	0.303458
63	1	WTHLQFAT		0.00E+0	Streptavidin	3.00E+3	0.000093	0.000134	-0.000093	0.000099	-0.695254	0.733346
63	2	WTHLQFAT		0.00E+0	Streptavidin	3.00E+3	0.000006	0.000135	-0.000146	-0.000149	-1.083369	-1.107991
64	0	WTHMQFAT		0.00E+0	Streptavidin	3.00E+3	-0.000117	0.000218	-0.000095	-0.000109	-0.437234	-0.501229
64	1	WTHMQFAT		0.00E+0	Streptavidin	3.00E+3	0.000020	0.000167	0.000020	-0.000231	0.119343	-1.383925
64	2	WTHMQFAT		0.00E+0	Streptavidin	3.00E+3	-0.000062	0.000163	0.000006	0.000057	0.037263	0.350581
65	0	WTHNQFAT		0.00E+0	Streptavidin	3.00E+3	0.000134	0.000158	-0.000051	-0.000133	-0.325292	-0.843999
65	1	WTHNQFAT		0.00E+0	Streptavidin	3.00E+3	0.000001	0.000219	-0.000029	-0.000257	-0.134284	-1.176585
65	2	WTHNQFAT		0.00E+0	Streptavidin	3.00E+3	-0.000021	0.000136	-0.000023	-0.000439	-0.170397	-3.219127
65	3	WTHNQFAT		0.00E+0	Streptavidin	3.00E+3	-0.000083	0.000184	-0.000326	-0.000317	-1.770432	-1.719189
66	0	WTHPAFAT		0.00E+0	Streptavidin	3.00E+3	0.000152	0.000166	0.000092	-0.000228	0.554718	-1.376971
66	1	WTHPAFAT		0.00E+0	Streptavidin	3.00E+3	-0.000004	0.000237	-0.000007	-0.000305	-0.029956	-1.287725
66	2	WTHPAFAT		0.00E+0	Streptavidin	3.00E+3	0.000011	0.000191	0.000195	-0.000124	1.019452	-0.646518
66	3	WTHPAFAT		0.00E+0	Streptavidin	3.00E+3	-0.000016	0.000262	-0.000152	0.000072	-0.579046	0.272980
67	0	WTHPCFAT		0.00E+0	Streptavidin	3.00E+3	0.000039	0.000241	-0.000179	-0.000030	-0.743432	-0.122468
67	1	WTHPCFAT		0.00E+0	Streptavidin	3.00E+3	-0.000015	0.000162	0.000126	-0.000133	0.775260	-0.817268
67	2	WTHPCFAT		0.00E+0	Streptavidin	3.00E+3	0.000007	0.000131	-0.000103	-0.000197	-0.781854	-1.498736
67	3	WTHPCFAT		0.00E+0	Streptavidin	3.00E+3	0.000023	0.000211	0.000097	0.000136	0.458121	0.644035
68	0	WTHPDFAT		0.00E+0	Streptavidin	3.00E+3	0.000103	0.000264	0.000070	0.000051	0.264677	0.192135
68	1	WTHPDFAT		0.00E+0	Streptavidin	3.00E+3	0.000035	0.000242	-0.000083	0.000267	-0.343857	1.099784
68	2	WTHPDFAT		0.00E+0	Streptavidin	3.00E+3	0.000030	0.000167	0.000187	-0.000334	1.122689	-2.007966
69	0	WTHPEFAT		0.00E+0	Streptavidin	3.00E+3	0.000019	0.000216	0.000088	-0.000164	0.405592	-0.758206
69	1	WTHPEFAT		0.00E+0	Streptavidin	3.00E+3	-0.000011	0.000184	0.000165	0.000143	0.897091	0.775232
69	2	WTHPEFAT		0.00E+0	Streptavidin	3.00E+3	-0.000058	0.000216	-0.000197	-0.000073	-0.915078	-0.336743
69	3	WTHPEFAT		0.00E+0	Streptavidin	3.00E+3	0.000130	0.000216	0.000034	-0.000166	0.156164	-0.767827
70	0	WTHPFFAT		0.00E+0	Streptavidin	3.00E+3	0.000111	0.000247	0.000409	0.000289	1.658797	1.173341
70	1	WTHPFFAT		0.00E+0	Streptavidin	3.00E+3	-0.000023	0.000184	0.000167	0.000260	0.905308	1.414186
70	2	WTHPFFAT		0.00E+0	Streptavidin	3.00E+3	0.000040	0.000223	0.000117	0.000071	0.522337	0.318132
70	3	WTHPFFAT		0.00E+0	Streptavidin	3.00E+3	0.000044	0.000217	0.000044	0.000070	0.202150	0.322965
71	0	WTHPGFAT		0.00E+0	Streptavidin	3.00E+3	0.000039	0.000215	-0.000028	-0.000255	-0.129874	-1.188526
71	1	WTHPGFAT		0.00E+0	Streptavidin	3.00E+3	0.000001	0.000186	-0.000184	-0.000022	-0.989353	-0.117346
71	2	WTHPGFAT		0.00E+0	Streptavidin	3.00E+3	0.000066	0.000163	-0.000045	-0.000105	-0.275116	-0.644797
71	3	WTHPGFAT		0.00E+0	Streptavidin	3.00E+3	0.000054	0.000215	-0.000046	0.000028	-0.215212	0.129475
72	0	WTHPHFAT		0.00E+0	Streptavidin	3.00E+3	0.000096	0.000137	0.000230	-0.000159	1.682402	-1.164287
72	1	WTHPHFAT		0.00E+0	Streptavidin	3.00E+3	-0.000006	0.000294	-0.000147	-0.000034	-0.499122	-0.113943
72	2	WTHPHFAT		0.00E+0	Streptavidin	3.00E+3	-0.000059	0.000263	0.000018	0.000067	0.069646	0.253714
72	3	WTHPHFAT		0.00E+0	Streptavidin	3.00E+3	0.000026	0.000210	-0.000052	0.000031	-0.246269	0.149029
73	0	WTHPIFAT		0.00E+0	Streptavidin	3.00E+3	0.000104	0.000270	0.000290	0.000658	1.074768	2.440584
73	1	WTHPIFAT		0.00E+0	Streptavidin	3.00E+3	0.000039	0.000250	0.000266	0.000385	1.062632	1.538985
73	2	WTHPIFAT		0.00E+0	Streptavidin	3.00E+3	-0.000066	0.000213	0.000142	-0.000058	0.664775	-0.270427
74	0	WTHPKFAT		0.00E+0	Streptavidin	3.00E+3	0.000020	0.000184	-0.000143	0.000235	-0.777405	1.281164
74	1	WTHPKFAT		0.00E+0	Streptavidin	3.00E+3	-0.000021	0.000210	-0.000075	0.000028	-0.356290	0.134296
74	2	WTHPKFAT		0.00E+0	Streptavidin	3.00E+3	0.000036	0.000215	0.000173	-0.000115	0.805973	-0.537008
75	0	WTHPLFAT		0.00E+0	Streptavidin	3.00E+3	-0.000019	0.000244	0.000215	-0.000162	0.880547	-0.665358
75	1	WTHPLFAT		0.00E+0	Streptavidin	3.00E+3	-0.000035	0.000267	-0.000063	-0.000011	-0.234841	-0.042603
75	2	WTHPLFAT		0.00E+0	Streptavidin	3.00E+3	0.000029	0.000218	-0.000090	-0.000112	-0.413384	-0.513570
76	0	WTHPMFAT		0.00E+0	Streptavidin	3.00E+3	-0.000057	0.000241	0.000437	0.000290	1.815222	1.205745
76	1	WTHPMFAT		0.00E+0	Streptavidin	3.00E+3	0.000067	0.000186	0.000267	0.000181	1.436647	0.970367
76	2	WTHPMFAT		0.00E+0	Streptavidin	3.00E+3	-0.000013	0.000160	0.000297	0.000243	1.856563	1.520556
76	3	WTHPMFAT		0.00E+0	Streptavidin	3.00E+3	-0.000008	0.000217	0.000634	0.000259	2.923092	1.193698
77	0	WTHPNFAT		0.00E+0	Streptavidin	3.00E+3	0.000107	0.000213	0.000069	-0.000228	0.323462	-1.068173
77	1	WTHPNFAT		0.00E+0	Streptavidin	3.00E+3	0.000017	0.000221	0.000011	0.000051	0.051609	0.232707
77	2	WTHPNFAT		0.00E+0	Streptavidin	3.00E+3	0.000009	0.000220	-0.000081	-0.000181	-0.367440	-0.822351
78	0	WTHPPFAT		0.00E+0	Streptavidin	3.00E+3	-0.000102	0.000133	-0.000027	0.000012	-0.203514	0.091455
78	1	WTHPPFAT		0.00E+0	Streptavidin	3.00E+3	0.000122	0.000218	0.000037	-0.000110	0.168727	-0.506037
78	2	WTHPPFAT		0.00E+0	Streptavidin	3.00E+3	-0.000031	0.000237	-0.000227	0.000056	-0.957401	0.237177
79	0	WTHPQAAT		0.00E+0	Streptavidin	3.00E+3	0.000007	0.000214	0.000585	-0.000107	2.740512	-0.499928
79	1	WTHPQAAT		0.00E+0	Streptavidin	3.00E+3	0.000072	0.000275	0.001004	0.000100	3.648844	0.363085
80	0	WTHPQCAT		0.00E+0	Streptavidin	3.00E+3	-0.000152	0.000215	0.000108	0.000115	0.503264	0.537128
80	1	WTHPQCAT		0.00E+0	Streptavidin	3.00E+3	-0.000023	0.000214	-0.000190	-0.000020	-0.889276	-0.094655
80	2	WTHPQCAT		0.00E+0	Streptavidin	3.00E+3	0.000100	0.000323	-0.000073	-0.000025	-0.225565	-0.077743
81	0	WTHPQDAT		0.00E+0	Streptavidin	3.00E+3	0.000058	0.000186	0.000101	-0.000086	0.541143	-0.463997
81	1	WTHPQDAT		0.00E+0	Streptavidin	3.00E+3	-0.000093	0.000214	0.000266	0.000549	1.242350	2.560138
82	0	WTHPQEAT		0.00E+0	Streptavidin	3.00E+3	-0.000066	0.000187	-0.000081	-0.000143	-0.430477	-0.762209
82	1	WTHPQEAT		0.00E+0	Streptavidin	3.00E+3	-0.000079	0.000217	-0.000251	-0.000219	-1.157333	-1.008518
82	2	WTHPQEAT		0.00E+0	Streptavidin	3.00E+3	-0.000055	0.000234	-0.000125	0.000040	-0.533715	0.169620
82	3	WTHPQEAT		0.00E+0	Streptavidin	3.00E+3	-0.000055	0.000190	0.000149	0.000080	0.783771	0.421210
83	0	WTHPQFAA		0.00E+0	Streptavidin	3.00E+3	0.000169	0.000368	0.001350	0.000324	3.666378	0.880201
83	1	WTHPQFAA		0.00E+0	Streptavidin	3.00E+3	0.000007	0.000159	0.001223	0.000679	7.703673	4.276812
83	2	WTHPQFAA		0.00E+0	Streptavidin	3.00E+3	-0.000031	0.000186	0.001395	0.001041	7.508429	5.602203
84	0	WTHPQFAC		0.00E+0	Streptavidin	3.00E+3	0.000062	0.000210	0.000638	0.000002	3.037569	0.011257
84	1	WTHPQFAC		0.00E+0	Streptavidin	3.00E+3	-0.000013	0.000238	0.000617	-0.000053	2.595546	-0.221400
84	2	WTHPQFAC		0.00E+0	Streptavidin	3.00E+3	0.000074	0.000131	0.000518	0.000276	3.943097	2.101484
85	0	WTHPQFAD		0.00E+0	Streptavidin	3.00E+3	-0.000082	0.000160	0.000995	0.000430	6.230179	2.695330
85	1	WTHPQFAD		0.00E+0	Streptavidin	3.00E+3	0.000034	0.000158	0.001056	0.000886	6.685011	5.607279
85	2	WTHPQFAD		0.00E+0	Streptavidin	3.00E+3	-0.000084	0.000162	0.000961	0.000928	5.942169	5.737842
85	3	WTHPQFAD		0.00E+0	Streptavidin	3.00E+3	-0.000003	0.000216	0.001205	0.001254	5.576620	5.801804
86	0	WTHPQFAE		0.00E+0	Streptavidin	3.00E+3	-0.000107	0.000213	0.000915	0.000635	4.290190	2.976046
86	1	WTHPQFAE		0.00E+0	Streptavidin	3.00E+3	-0.000069	0.000160	0.001668	0.001322	10.415875	8.256520
86	2	WTHPQFAE		0.00E+0	Streptavidin	3.00E+3	-0.000029	0.000217	0.000976	0.000492	4.488738	2.261455
87	0	WTHPQFAF		0.00E+0	Streptavidin	3.00E+3	-0.000181	0.000159	0.000552	0.000397	3.468474	2.494696
87	1	WTHPQFAF		0.00E+0	Streptavidin	3.00E+3	-0.000052	0.000239	0.000788	0.000512	3.294533	2.140987
87	2	WTHPQFAF		0.00E+0	Streptavidin	3.00E+3	-0.000054	0.000191	0.001308	0.000674	6.841144	3.524724
87	3	WTHPQFAF		0.00E+0	Streptavidin	3.00E+3	0.000028	0.000302	0.001236	0.000737	4.086290	2.437640
88	0	WTHPQFAG		0.00E+0	Streptavidin	3.00E+3	-0.000023	0.000319	0.000876	0.000959	2.741704	3.002549
88	1	WTHPQFAG		0.00E+0	Streptavidin	3.00E+3	-0.000084	0.000187	0.000874	0.000651	4.671162	3.475957
88	2	WTHPQFAG		0.00E+0	Streptavidin	3.00E+3	-0.000121	0.000186	0.000915	0.000851	4.916376	4.571477
88	3	WTHPQFAG		0.00E+0	Streptavidin	3.00E+3	-0.000005	0.000211	0.001017	0.000809	4.832173	3.843325
89	0	WTHPQFAH		0.00E+0	Streptavidin	3.00E+3	-0.000024	0.000159	0.001410	0.000912	8.849927	5.725637
89	1	WTHPQFAH		0.00E+0	Streptavidin	3.00E+3	-0.000001	0.000269	0.001098	0.000427	4.075406	1.585832
89	2	WTHPQFAH		0.00E+0	Streptavidin	3.00E+3	-0.000022	0.000166	0.001576	0.001037	9.495003	6.250247
89	3	WTHPQFAH		0.00E+0	Streptavidin	3.00E+3	-0.000001	0.000191	0.001082	0.001036	5.679054	5.437021
90	0	WTHPQFAI		0.00E+0	Streptavidin	3.00E+3	-0.000121	0.000305	0.000960	0.000650	3.146044	2.129743
90	1	WTHPQFAI		0.00E+0	Streptavidin	3.00E+3	-0.000001	0.000210	0.000830	0.000568	3.950906	2.705707
90	2	WTHPQFAI		0.00E+0	Streptavidin	3.00E+3	0.000012	0.000214	0.000856	0.000409	4.005952	1.917096
91	0	WTHPQFAK		0.00E+0	Streptavidin	3.00E+3	0.000016	0.000159	0.000597	0.000461	3.754984	2.900907
91	1	WTHPQFAK		0.00E+0	Streptavidin	3.00E+3	0.000081	0.000162	0.001176	0.000722	7.247139	4.447957
91	2	WTHPQFAK		0.00E+0	Streptavidin	3.00E+3	0.000069	0.000197	0.001118	0.000813	5.681210	4.133308
91	3	WTHPQFAK		0.00E+0	Streptavidin	3.00E+3	-0.000166	0.000187	0.000812	0.000291	4.333666	1.556160
92	0	WTHPQFAL		0.00E+0	Streptavidin	3.00E+3	-0.000029	0.000192	0.000950	0.000550	4.951277	2.867703
92	1	WTHPQFAL		0.00E+0	Streptavidin	3.00E+3	0.000055	0.000184	0.000652	0.000503	3.546228	2.734687
92	2	WTHPQFAL		0.00E+0	Streptavidin	3.00E+3	-0.000024	0.000263	0.000676	0.000366	2.574022	1.391823
93	0	WTHPQFAM		0.00E+0	Streptavidin	3.00E+3	-0.000060	0.000215	0.000913	0.000548	4.242173	2.544516
93	1	WTHPQFAM		0.00E+0	Streptavidin	3.00E+3	0.000024	0.000215	0.001162	0.000759	5.414371	3.535587
93	2	WTHPQFAM		0.00E+0	Streptavidin	3.00E+3	-0.000073	0.000353	0.001007	0.000828	2.855377	2.346731
93	3	WTHPQFAM		0.00E+0	Streptavidin	3.00E+3	-0.000052	0.000214	0.001262	0.000750	5.912208	3.511531
94	0	WTHPQFAN		0.00E+0	Streptavidin	3.00E+3	-0.000083	0.000133	0.001134	0.000879	8.508311	6.595245
94	1	WTHPQFAN		0.00E+0	Streptavidin	3.00E+3	-0.000046	0.000275	0.001431	0.001137	5.203890	4.137269
94	2	WTHPQFAN		0.00E+0	Streptavidin	3.00E+3	-0.000083	0.000183	0.001012	0.001021	5.519572	5.565362
94	3	WTHPQFAN		0.00E+0	Streptavidin	3.00E+3	-0.000217	0.000215	0.001179	0.000470	5.479361	2.186741
95	0	WTHPQFAP		0.00E+0	Streptavidin	3.00E+3	0.000052	0.000185	0.000819	0.000577	4.417363	3.113328
95	1	WTHPQFAP		0.00E+0	Streptavidin	3.00E+3	-0.000092	0.000194	0.001037	0.000959	5.353876	4.951708
95	2	WTHPQFAP		0.00E+0	Streptavidin	3.00E+3	0.000016	0.000215	0.001327	0.000877	6.178202	4.082884
95	3	WTHPQFAP		0.00E+0	Streptavidin	3.00E+3	-0.000017	0.000194	0.001169	0.000742	6.033534	3.829914
96	0	WTHPQFAQ		0.00E+0	Streptavidin	3.00E+3	0.000064	0.000138	0.001559	0.000977	11.282455	7.073214
96	1	WTHPQFAQ		0.00E+0	Streptavidin	3.00E+3	-0.000123	0.000185	0.001006	0.000794	5.429244	4.284542
96	2	WTHPQFAQ		0.00E+0	Streptavidin	3.00E+3	0.000036	0.000241	0.001154	0.000919	4.786542	3.812478
96	3	WTHPQFAQ		0.00E+0	Streptavidin	3.00E+3	-0.000031	0.000249	0.001345	0.000828	5.407956	3.328600
97	0	WTHPQFAR		0.00E+0	Streptavidin	3.00E+3	0.000004	0.000211	0.001019	0.000755	4.839445	3.584434
97	1	WTHPQFAR		0.00E+0	Streptavidin	3.00E+3	0.000039	0.000305	0.001283	0.001106	4.206124	3.624003
97	2	WTHPQFAR		0.00E+0	Streptavidin	3.00E+3	-0.000079	0.000249	0.001023	0.001039	4.105026	4.170109
98	0	WTHPQFAS		0.00E+0	Streptavidin	3.00E+3	0.000038	0.000135	0.001355	0.000912	10.030035	6.749504
98	1	WTHPQFAS		0.00E+0	Streptavidin	3.00E+3	0.000019	0.000135	0.001275	0.000480	9.411995	3.545521
98	2	WTHPQFAS		0.00E+0	Streptavidin	3.00E+3	-0.000092	0.000159	0.000830	0.000522	5.216046	3.283219
99	0	WTHPQFAT		0.00E+0	Streptavidin	3.00E+3	0.000328	0.000211	0.001505	0.001104	7.134546	5.235593
99	1	WTHPQFAT		0.00E+0	Streptavidin	3.00E+3	-0.000018	0.000263	0.000903	0.000765	3.429684	2.905732
99	2	WTHPQFAT		0.00E+0	Streptavidin	3.00E+3	0.000005	0.000216	0.001105	0.000851	5.118903	3.943427
99	3	WTHPQFAT		0.00E+0	Streptavidin	3.00E+3	-0.000051	0.000268	0.001232	0.001220	4.599428	4.554998
99	4	WTHPQFAT		0.00E+0	Streptavidin	3.00E+3	-0.000067	0.000162	0.001161	0.001231	7.179690	7.608163
99	5	WTHPQFAT		0.00E+0	Streptavidin	3.00E+3	0.000059	0.000391	0.001647	0.001492	4.211619	3.815015
99	6	WTHPQFAT		0.00E+0	Streptavidin	3.00E+3	-0.000051	0.000168	0.001817	0.001633	10.794892	9.704872
99	7	WTHPQFAT		0.00E+0	Streptavidin	3.00E+3	-0.000008	0.000158	0.000908	0.000575	5.747620	3.643178
99	8	WTHPQFAT		0.00E+0	Streptavidin	3.00E+3	0.000071	0.000215	0.001249	0.000472	5.797708	2.188836
99	9	WTHPQFAT		0.00E+0	Streptavidin	3.00E+3	-0.000061	0.000335	0.001304	0.001125	3.892273	3.359091
99	10	WTHPQFAT		0.00E+0	Streptavidin	3.00E+3	-0.000081	0.000188	0.001101	0.000476	5.844764	2.525834
99	11	WTHPQFAT		0.00E+0	Streptavidin	3.00E+3	0.000174	0.000278	0.001662	0.001196	5.985601	4.306886
99	12	WTHPQFAT		0.00E+0	Streptavidin	3.00E+3	-0.000114	0.000266	0.000791	0.000782	2.967743	2.932682
99	13	WTHPQFAT		0.00E+0	Streptavidin	3.00E+3	-0.000098	0.000215	0.001299	0.001427	6.033624	6.628507
99	14	WTHPQFAT		0.00E+0	Streptavidin	3.00E+3	0.000102	0.000279	0.001574	0.001240	5.632264	4.437737
99	15	WTHPQFAT		0.00E+0	Streptavidin	3.00E+3	-0.000061	0.000185	0.000831	0.000871	4.490298	4.705721
99	16	WTHPQFAT		0.00E+0	Streptavidin	3.00E+3	0.000091	0.000132	0.001040	0.000737	7.861201	5.573314
99	17	WTHPQFAT		0.00E+0	Streptavidin	3.00E+3	0.000057	0.000214	0.001198	0.000858	5.603294	4.011731
99	18	WTHPQFAT		0.00E+0	Streptavidin	3.00E+3	0.000075	0.000136	0.001587	0.001102	11.666440	8.100684
99	19	WTHPQFAT		0.00E+0	Streptavidin	3.00E+3	-0.000061	0.000217	0.001200	0.000878	5.522087	4.042801
99	20	WTHPQFAT		0.00E+0	Streptavidin	3.00E+3	-0.000035	0.000237	0.000883	0.000926	3.725857	3.905121
99	21	WTHPQFAT		0.00E+0	Streptavidin	3.00E+3	-0.000042	0.000164	0.001310	0.000969	8.008366	5.925765
99	22	WTHPQFAT		0.00E+0	Streptavidin	3.00E+3	0.000009	0.000212	0.001168	0.000892	5.521558	4.216971
99	23	WTHPQFAT		0.00E+0	Streptavidin	3.00E+3	0.000022	0.000134	0.001271	0.000916	9.480430	6.828418
99	24	WTHPQFAT		0.00E+0	Streptavidin	3.00E+3	0.000003	0.000214	0.001119	0.000891	5.238026	4.171431
99	25	WTHPQFAT		0.00E+0	Streptavidin	3.00E+3	0.000017	0.000191	0.001027	0.000649	5.376077	3.395190
99	26	WTHPQFAT		0.00E+0	Streptavidin	3.00E+3	0.000037	0.000262	0.001320	0.001081	5.036657	4.123300
99	27	WTHPQFAT		0.00E+0	Streptavidin	3.00E+3	0.000011	0.000131	0.001141	0.000875	8.679859	6.653506
99	28	WTHPQFAT		0.00E+0	Streptavidin	3.00E+3	-0.000129	0.000242	0.001423	0.000704	5.871911	2.905725
99	29	WTHPQFAT		0.00E+0	Streptavidin	3.00E+3	0.000079	0.000195	0.001801	0.001148	9.217752	5.875240
99	30	WTHPQFAT		0.00E+0	Streptavidin	3.00E+3	0.000058	0.000131	0.001104	0.000718	8.419918	5.477637
99	31	WTHPQFAT		0.00E+0	Streptavidin	3.00E+3	-0.000082	0.000236	0.000781	0.000562	3.308728	2.378618
99	32	WTHPQFAT		0.00E+0	Streptavidin	3.00E+3	-0.000074	0.000184	0.001053	0.000914	5.724687	4.970029
99	33	WTHPQFAT		0.00E+0	Streptavidin	3.00E+3	0.000057	0.000334	0.001411	0.001192	4.227392	3.572134
99	34	WTHPQFAT		0.00E+0	Streptavidin	3.00E+3	-0.000057	0.000277	0.000964	0.000496	3.479242	1.791207
99	35	WTHPQFAT		0.00E+0	Streptavidin	3.00E+3	-0.000091	0.000222	0.001326	0.000979	5.960293	4.401774
99	36	WTHPQFAT		0.00E+0	Streptavidin	3.00E+3	-0.000134	0.000184	0.000806	0.000396	4.368850	2.146236
99	37	WTHPQFAT		0.00E+0	Streptavidin	3.00E+3	0.000052	0.000223	0.001385	0.001254	6.205759	5.618717
99	38	WTHPQFAT		0.00E+0	Streptavidin	3.00E+3	-0.000165	0.000210	0.001115	0.001022	5.314103	4.869619
99	39	WTHPQFAT		0.00E+0	Streptavidin	3.00E+3	0.000008	0.000160	0.001595	0.001427	9.943513	8.899088
99	40	WTHPQFAT		0.00E+0	Streptavidin	3.00E+3	0.000072	0.000184	0.001358	0.000976	7.358480	5.289855
99	41	WTHPQFAT		0.00E+0	Streptavidin	3.00E+3	-0.000130	0.000293	0.001192	0.000880	4.069656	3.004775
99	42	WTHPQFAT		0.00E+0	Streptavidin	3.00E+3	-0.000090	0.000164	0.001456	0.001527	8.876810	9.312353
99	43	WTHPQFAT		0.00E+0	Streptavidin	3.00E+3	0.000026	0.000263	0.001123	0.000943	4.273622	3.589830
99	44	WTHPQFAT		0.00E+0	Streptavidin	3.00E+3	0.000002	0.000212	0.001266	0.000951	5.980248	4.490564
99	45	WTHPQFAT		0.00E+0	Streptavidin	3.00E+3	0.000018	0.000211	0.001250	0.000830	5.917929	3.928604
99	46	WTHPQFAT		0.00E+0	Streptavidin	3.00E+3	-0.000082	0.000158	0.001126	0.001092	7.127867	6.911474
99	47	WTHPQFAT		0.00E+0	Streptavidin	3.00E+3	-0.000021	0.000159	0.001090	0.000815	6.856178	5.127894
99	48	WTHPQFAT		0.00E+0	Streptavidin	3.00E+3	0.000115	0.000268	0.001727	0.001488	6.438060	5.547346
99	49	WTHPQFAT		0.00E+0	Streptavidin	3.00E+3	0.000062	0.000262	0.001078	0.000930	4.116298	3.550933
99	50	WTHPQFAT		0.00E+0	Streptavidin	3.00E+3	0.000052	0.000236	0.001198	0.000810	5.077369	3.433594
99	51	WTHPQFAT		0.00E+0	Streptavidin	3.00E+3	-0.000119	0.000242	0.001388	0.001266	5.748390	5.241607
99	52	WTHPQFAT		0.00E+0	Streptavidin	3.00E+3	0.000043	0.000195	0.001428	0.000889	7.335851	4.570368
99	53	WTHPQFAT		0.00E+0	Streptavidin	3.00E+3	-0.000110	0.000208	0.001087	0.000508	5.225201	2.440704
99	54	WTHPQFAT		0.00E+0	Streptavidin	3.00E+3	-0.000062	0.000210	0.001167	0.000606	5.555554	2.883659
99	55	WTHPQFAT		0.00E+0	Streptavidin	3.00E+3	0.000033	0.000162	0.001236	0.000600	7.624563	3.702156
99	56	WTHPQFAT		0.00E+0	Streptavidin	3.00E+3	-0.000081	0.000277	0.001385	0.001265	4.994933	4.561742
99	57	WTHPQFAT		0.00E+0	Streptavidin	3.00E+3	-0.000014	0.000166	0.001562	0.001068	9.409506	6.433177
100	0	WTHPQFAV		0.00E+0	Streptavidin	3.00E+3	-0.000002	0.000187	0.000789	0.000478	4.221964	2.556631
100	1	WTHPQFAV		0.00E+0	Streptavidin	3.00E+3	-0.000029	0.000218	0.001435	0.000981	6.594456	4.507072
100	2	WTHPQFAV		0.00E+0	Streptavidin	3.00E+3	-0.000027	0.000106	0.000973	0.000718	9.179852	6.772740
100	3	WTHPQFAV		0.00E+0	Streptavidin	3.00E+3	-0.000004	0.000243	0.001334	0.000266	5.496989	1.095616
101	0	WTHPQFAW		0.00E+0	Streptavidin	3.00E+3	-0.000021	0.000186	0.000720	0.000368	3.873314	1.982368
101	1	WTHPQFAW		0.00E+0	Streptavidin	3.00E+3	-0.000137	0.000157	0.000622	0.000355	3.948925	2.251854
101	2	WTHPQFAW		0.00E+0	Streptavidin	3.00E+3	-0.000039	0.000295	0.000647	0.000054	2.194065	0.184225
101	3	WTHPQFAW		0.00E+0	Streptavidin	3.00E+3	-0.000073	0.000212	0.000930	0.000763	4.390287	3.601444
102	0	WTHPQFAY		0.00E+0	Streptavidin	3.00E+3	-0.000051	0.000188	0.001054	0.000522	5.597016	2.772285
102	1	WTHPQFAY		0.00E+0	Streptavidin	3.00E+3	-0.000027	0.000185	0.001045	0.000344	5.650474	1.860648
103	0	WTHPQFCT		0.00E+0	Streptavidin	3.00E+3	0.000023	0.000211	0.000763	0.000419	3.610081	1.982174
103	1	WTHPQFCT		0.00E+0	Streptavidin	3.00E+3	0.000048	0.000296	0.001009	0.000314	3.410106	1.062174
103	2	WTHPQFCT		0.00E+0	Streptavidin	3.00E+3	0.000017	0.000211	0.000776	0.000176	3.680006	0.833302
103	3	WTHPQFCT		0.00E+0	Streptavidin	3.00E+3	-0.000019	0.000249	0.000640	0.000299	2.573755	1.201444
104	0	WTHPQFDT		0.00E+0	Streptavidin	3.00E+3	-0.000032	0.000211	0.001278	0.001207	6.068022	5.728517
104	1	WTHPQFDT		0.00E+0	Streptavidin	3.00E+3	-0.000055	0.000241	0.001530	0.001096	6.351540	4.546983
104	2	WTHPQFDT		0.00E+0	Streptavidin	3.00E+3	0.000012	0.000237	0.001222	0.001137	5.147996	4.790347
105	0	WTHPQFET		0.00E+0	Streptavidin	3.00E+3	0.000007	0.000266	0.000983	0.000954	3.701330	3.590931
105	1	WTHPQFET		0.00E+0	Streptavidin	3.00E+3	-0.000019	0.000162	0.001145	0.001013	7.091644	6.269488
106	0	WTHPQFFT		0.00E+0	Streptavidin	3.00E+3	-0.000033	0.000193	0.000683	0.000871	3.532210	4.505559
107	0	WTHPQFGT		0.00E+0	Streptavidin	3.00E+3	0.000029	0.000190	0.001107	0.000790	5.822031	4.156222
107	1	WTHPQFGT		0.00E+0	Streptavidin	3.00E+3	-0.000027	0.000188	0.000967	0.000379	5.146282	2.014654
108	0	WTHPQFHT		0.00E+0	Streptavidin	3.00E+3	0.000019	0.000163	0.001648	0.001748	10.094397	10.707018
108	1	WTHPQFHT		0.00E+0	Streptavidin	3.00E+3	-0.000083	0.000213	0.001023	0.001059	4.808757	4.974752
109	0	WTHPQFIT		0.00E+0	Streptavidin	3.00E+3	0.000018	0.000184	0.000567	-0.000003	3.073570	-0.015517
109	1	WTHPQFIT		0.00E+0	Streptavidin	3.00E+3	-0.000005	0.000132	0.000807	0.000480	6.131717	3.645861
109	2	WTHPQFIT		0.00E+0	Streptavidin	3.00E+3	0.000107	0.000132	0.000682	0.000409	5.183867	3.109232
109	3	WTHPQFIT		0.00E+0	Streptavidin	3.00E+3	-0.000047	0.000185	0.000769	0.000381	4.151330	2.057686
110	0	WTHPQFKT		0.00E+0	Streptavidin	3.00E+3	-0.000220	0.000192	0.000667	0.000133	3.482954	0.696095
110	1	WTHPQFKT		0.00E+0	Streptavidin	3.00E+3	-0.000103	0.000165	0.000767	0.000529	4.651690	3.208640
110	2	WTHPQFKT		0.00E+0	Streptavidin	3.00E+3	0.000057	0.000267	0.000744	0.000694	2.783375	2.596387
111	0	WTHPQFLT		0.00E+0	Streptavidin	3.00E+3	0.000118	0.000164	0.000764	0.000255	4.663130	1.558108
111	1	WTHPQFLT		0.00E+0	Streptavidin	3.00E+3	0.000002	0.000270	0.000589	0.000031	2.183320	0.114363
111	2	WTHPQFLT		0.00E+0	Streptavidin	3.00E+3	-0.000032	0.000184	0.000542	0.000165	2.949522	0.896802
111	3	WTHPQFLT		0.00E+0	Streptavidin	3.00E+3	0.000051	0.000186	0.000945	0.000613	5.087717	3.301212
112	0	WTHPQFMT		0.00E+0	Streptavidin	3.00E+3	0.000001	0.000190	0.001173	0.000852	6.183969	4.490562
113	0	WTHPQFNT		0.00E+0	Streptavidin	3.00E+3	-0.000040	0.000275	0.001276	0.000936	4.643442	3.403882
113	1	WTHPQFNT		0.00E+0	Streptavidin	3.00E+3	0.000008	0.000160	0.001285	0.001055	8.044637	6.606378
114	0	WTHPQFPT		0.00E+0	Streptavidin	3.00E+3	0.000072	0.000222	0.001481	0.001052	6.680941	4.743225
114	1	WTHPQFPT		0.00E+0	Streptavidin	3.00E+3	0.000014	0.000194	0.001222	0.000761	6.308885	3.926385
114	2	WTHPQFPT		0.00E+0	Streptavidin	3.00E+3	-0.000134	0.000244	0.001084	0.000763	4.432490	3.119292
115	0	WTHPQFQT		0.00E+0	Streptavidin	3.00E+3	-0.000010	0.000159	0.000990	0.001050	6.242397	6.619816
115	1	WTHPQFQT		0.00E+0	Streptavidin	3.00E+3	0.000009	0.000221	0.001664	0.000974	7.526524	4.406290
115	2	WTHPQFQT		0.00E+0	Streptavidin	3.00E+3	0.000071	0.000268	0.001435	0.001507	5.349986	5.617741
115	3	WTHPQFQT		0.00E+0	Streptavidin	3.00E+3	-0.000106	0.000194	0.001685	0.001341	8.696633	6.917835
116	0	WTHPQFRT		0.00E+0	Streptavidin	3.00E+3	-0.000061	0.000136	0.000741	-0.000019	5.433191	-0.138258
116	1	WTHPQFRT		0.00E+0	Streptavidin	3.00E+3	-0.000073	0.000158	0.000847	0.000481	5.368565	3.047124
116	2	WTHPQFRT		0.00E+0	Streptavidin	3.00E+3	-0.000015	0.000212	0.000716	0.000586	3.382773	2.771116
117	0	WTHPQFST		0.00E+0	Streptavidin	3.00E+3	-0.000141	0.000273	0.001082	0.000558	3.969636	2.047500
117	1	WTHPQFST		0.00E+0	Streptavidin	3.00E+3	-0.000023	0.000292	0.001165	0.000922	3.984550	3.154126
117	2	WTHPQFST		0.00E+0	Streptavidin	3.00E+3	0.000067	0.000105	0.000956	0.000575	9.101906	5.472147
117	3	WTHPQFST		0.00E+0	Streptavidin	3.00E+3	-0.000016	0.000194	0.001224	0.001033	6.299171	5.315314
118	0	WTHPQFTT		0.00E+0	Streptavidin	3.00E+3	-0.000082	0.000213	0.000932	0.000482	4.376226	2.262616
118	1	WTHPQFTT		0.00E+0	Streptavidin	3.00E+3	0.000098	0.000219	0.000996	0.000456	4.554990	2.086160
118	2	WTHPQFTT		0.00E+0	Streptavidin	3.00E+3	0.000000	0.000267	0.001069	0.000910	4.001293	3.404918
119	0	WTHPQFVT		0.00E+0	Streptavidin	3.00E+3	-0.000071	0.000185	0.000582	0.000353	3.147549	1.910200
119	1	WTHPQFVT		0.00E+0	Streptavidin	3.00E+3	-0.000046	0.000186	0.000743	0.000439	4.005893	2.363686
119	2	WTHPQFVT		0.00E+0	Streptavidin	3.00E+3	0.000061	0.000214	0.000827	0.000486	3.867234	2.271310
119	3	WTHPQFVT		0.00E+0	Streptavidin	3.00E+3	0.000060	0.000165	0.000785	0.000228	4.752997	1.377687
120	0	WTHPQFWT		0.00E+0	Streptavidin	3.00E+3	-0.000021	0.000190	0.001500	0.000514	7.887977	2.700406
120	1	WTHPQFWT		0.00E+0	Streptavidin	3.00E+3	0.000025	0.000191	0.001159	0.000601	6.080966	3.153222
120	2	WTHPQFWT		0.00E+0	Streptavidin	3.00E+3	0.000097	0.000189	0.001116	0.000748	5.908811	3.959635
121	0	WTHPQFYT		0.00E+0	Streptavidin	3.00E+3	-0.000028	0.000184	0.001072	0.000903	5.837155	4.916371
121	1	WTHPQFYT		0.00E+0	Streptavidin	3.00E+3	-0.000071	0.000107	0.001047	0.000694	9.810087	6.507165
121	2	WTHPQFYT		0.00E+0	Streptavidin	3.00E+3	-0.000098	0.000212	0.000906	0.000627	4.273801	2.958213
122	0	WTHPQGAT		0.00E+0	Streptavidin	3.00E+3	0.000017	0.000158	0.000775	0.000704	4.908124	4.461968
122	1	WTHPQGAT		0.00E+0	Streptavidin	3.00E+3	-0.000045	0.000132	0.000579	0.000479	4.372875	3.619010
122	2	WTHPQGAT		0.00E+0	Streptavidin	3.00E+3	0.000040	0.000219	0.000824	0.000551	3.757097	2.511423
122	3	WTHPQGAT		0.00E+0	Streptavidin	3.00E+3	0.000037	0.000241	0.000509	0.000154	2.113273	0.641470
123	0	WTHPQHAT		0.00E+0	Streptavidin	3.00E+3	0.000072	0.000190	0.000315	0.000094	1.654056	0.495258
123	1	WTHPQHAT		0.00E+0	Streptavidin	3.00E+3	-0.000048	0.000219	0.000277	0.000704	1.265469	3.214730
123	2	WTHPQHAT		0.00E+0	Streptavidin	3.00E+3	-0.000046	0.000277	0.000334	0.000040	1.204781	0.142423
123	3	WTHPQHAT		0.00E+0	Streptavidin	3.00E+3	-0.000087	0.000266	0.000441	0.000081	1.658036	0.303025
124	0	WTHPQIAT		0.00E+0	Streptavidin	3.00E+3	-0.000056	0.000269	0.000089	0.000021	0.333165	0.078800
124	1	WTHPQIAT		0.00E+0	Streptavidin	3.00E+3	0.000051	0.000218	0.000115	0.000075	0.527368	0.345833
124	2	WTHPQIAT		0.00E+0	Streptavidin	3.00E+3	-0.000020	0.000195	0.000167	-0.000350	0.857638	-1.794532
125	0	WTHPQKAT		0.00E+0	Streptavidin	3.00E+3	0.000040	0.000157	0.000191	0.000167	1.217396	1.063915
125	1	WTHPQKAT		0.00E+0	Streptavidin	3.00E+3	0.000078	0.000164	0.000400	0.000110	2.441405	0.674072
126	0	WTHPQLAT		0.00E+0	Streptavidin	3.00E+3	0.000030	0.000187	-0.000066	0.000262	-0.355929	1.404455
126	1	WTHPQLAT		0.00E+0	Streptavidin	3.00E+3	0.000007	0.000237	0.000182	-0.000081	0.767233	-0.341711
126	2	WTHPQLAT		0.00E+0	Streptavidin	3.00E+3	0.000103	0.000188	-0.000070	0.000105	-0.370919	0.560991
126	3	WTHPQLAT		0.00E+0	Streptavidin	3.00E+3	-0.000024	0.000215	-0.000266	-0.000240	-1.235407	-1.113863
127	0	WTHPQMAT		0.00E+0	Streptavidin	3.00E+3	0.000080	0.000217	0.000341	0.000035	1.574350	0.159259
127	1	WTHPQMAT		0.00E+0	Streptavidin	3.00E+3	0.000045	0.000159	0.000168	-0.000040	1.057392	-0.250096
127	2	WTHPQMAT		0.00E+0	Streptavidin	3.00E+3	-0.000025	0.000185	0.000070	-0.000068	0.376382	-0.365655
127	3	WTHPQMAT		0.00E+0	Streptavidin	3.00E+3	-0.000137	0.000218	0.000129	0.000074	0.594282	0.339220
128	0	WTHPQNAT		0.00E+0	Streptavidin	3.00E+3	-0.000061	0.000162	0.001463	0.001002	9.042329	6.196879
129	0	WTHPQPAT		0.00E+0	Streptavidin	3.00E+3	-0.000045	0.000158	-0.000104	-0.000067	-0.660527	-0.425222
129	1	WTHPQPAT		0.00E+0	Streptavidin	3.00E+3	0.000037	0.000238	-0.000161	-0.000220	-0.676726	-0.922427
129	2	WTHPQPAT		0.00E+0	Streptavidin	3.00E+3	0.000025	0.000212	-0.000085	0.000006	-0.403952	0.028958
130	0	WTHPQQAT		0.00E+0	Streptavidin	3.00E+3	-0.000115	0.000222	0.000076	-0.000071	0.342221	-0.319948
130	1	WTHPQQAT		0.00E+0	Streptavidin	3.00E+3	-0.000019	0.000237	0.000024	-0.000215	0.100016	-0.908854
131	0	WTHPQRAT		0.00E+0	Streptavidin	3.00E+3	0.000024	0.000262	0.000172	-0.000150	0.657235	-0.571903
131	1	WTHPQRAT		0.00E+0	Streptavidin	3.00E+3	-0.000047	0.000210	0.000156	0.000133	0.742401	0.634835
131	2	WTHPQRAT		0.00E+0	Streptavidin	3.00E+3	0.000034	0.000250	0.000051	0.000107	0.204406	0.426600
131	3	WTHPQRAT		0.00E+0	Streptavidin	3.00E+3	0.000061	0.000249	0.000027	0.000312	0.109815	1.252546
132	0	WTHPQSAT		0.00E+0	Streptavidin	3.00E+3	0.000017	0.000214	0.000249	0.000142	1.163479	0.664932
132	1	WTHPQSAT		0.00E+0	Streptavidin	3.00E+3	-0.000017	0.000211	0.000257	0.000084	1.222082	0.401083
133	0	WTHPQTAT		0.00E+0	Streptavidin	3.00E+3	-0.000047	0.000160	0.000046	0.000114	0.289149	0.708280
133	1	WTHPQTAT		0.00E+0	Streptavidin	3.00E+3	0.000015	0.000080	0.000088	0.000095	1.105884	1.194360
133	2	WTHPQTAT		0.00E+0	Streptavidin	3.00E+3	0.000043	0.000275	0.000088	0.000451	0.320701	1.640189
134	0	WTHPQVAT		0.00E+0	Streptavidin	3.00E+3	-0.000151	0.000217	0.000785	0.000406	3.611600	1.866444
134	1	WTHPQVAT		0.00E+0	Streptavidin	3.00E+3	-0.000042	0.000223	0.000782	0.000507	3.513435	2.278072
134	2	WTHPQVAT		0.00E+0	Streptavidin	3.00E+3	-0.000042	0.000183	0.000891	0.000153	4.861197	0.832842
135	0	WTHPQWAT		0.00E+0	Streptavidin	3.00E+3	0.000030	0.000162	0.000297	-0.000065	1.827539	-0.397681
135	1	WTHPQWAT		0.00E+0	Streptavidin	3.00E+3	0.000015	0.000161	0.000382	0.000538	2.364493	3.332506
135	2	WTHPQWAT		0.00E+0	Streptavidin	3.00E+3	-0.000103	0.000184	0.000129	0.000012	0.702614	0.066922
136	0	WTHPQYAT		0.00E+0	Streptavidin	3.00E+3	0.000023	0.000161	0.000416	0.000254	2.587118	1.581709
136	1	WTHPQYAT		0.00E+0	Streptavidin	3.00E+3	0.000007	0.000239	0.000246	0.000404	1.028403	1.689665
136	2	WTHPQYAT		0.00E+0	Streptavidin	3.00E+3	-0.000065	0.000159	0.000062	-0.000001	0.393074	-0.006254
136	3	WTHPQYAT		0.00E+0	Streptavidin	3.00E+3	0.000011	0.000263	0.000320	0.000248	1.220181	0.945837
137	0	WTHPRFAT		0.00E+0	Streptavidin	3.00E+3	0.000033	0.000273	0.000275	0.000019	1.008053	0.069295
137	1	WTHPRFAT		0.00E+0	Streptavidin	3.00E+3	0.000015	0.000109	-0.000154	-0.000090	-1.411809	-0.820559
137	2	WTHPRFAT		0.00E+0	Streptavidin	3.00E+3	0.000026	0.000186	0.000050	0.000149	0.267549	0.801069
138	0	WTHPSFAT		0.00E+0	Streptavidin	3.00E+3	-0.000043	0.000185	-0.000157	0.000027	-0.850837	0.143787
138	1	WTHPSFAT		0.00E+0	Streptavidin	3.00E+3	-0.000129	0.000215	0.000048	-0.000277	0.224119	-1.284717
139	0	WTHPTFAT		0.00E+0	Streptavidin	3.00E+3	-0.000072	0.000269	0.000275	0.000401	1.022766	1.492734
139	1	WTHPTFAT		0.00E+0	Streptavidin	3.00E+3	-0.000054	0.000213	-0.000199	0.000089	-0.936723	0.417220
140	0	WTHPVFAT		0.00E+0	Streptavidin	3.00E+3	-0.000017	0.000264	0.000005	0.000150	0.018812	0.568985
140	1	WTHPVFAT		0.00E+0	Streptavidin	3.00E+3	-0.000047	0.000278	-0.000225	0.000224	-0.808709	0.806534
140	2	WTHPVFAT		0.00E+0	Streptavidin	3.00E+3	0.000011	0.000238	-0.000100	0.000147	-0.421874	0.617516
141	0	WTHPWFAT		0.00E+0	Streptavidin	3.00E+3	0.000015	0.000221	0.000182	0.000185	0.822969	0.835313
141	1	WTHPWFAT		0.00E+0	Streptavidin	3.00E+3	-0.000010	0.000273	0.000152	0.000119	0.556157	0.435983
141	2	WTHPWFAT		0.00E+0	Streptavidin	3.00E+3	-0.000018	0.000160	0.000137	0.000175	0.852818	1.092226
142	0	WTHPYFAT		0.00E+0	Streptavidin	3.00E+3	-0.000016	0.000186	0.000141	0.000106	0.758770	0.571353
142	1	WTHPYFAT		0.00E+0	Streptavidin	3.00E+3	0.000012	0.000184	-0.000019	0.000124	-0.104888	0.672935
142	2	WTHPYFAT		0.00E+0	Streptavidin	3.00E+3	0.000011	0.000217	-0.000297	-0.000397	-1.364801	-1.827533
143	0	WTHQQFAT		0.00E+0	Streptavidin	3.00E+3	-0.000040	0.000108	-0.000099	0.000154	-0.921002	1.428487
143	1	WTHQQFAT		0.00E+0	Streptavidin	3.00E+3	-0.000063	0.000160	-0.000149	0.000101	-0.932840	0.630367
143	2	WTHQQFAT		0.00E+0	Streptavidin	3.00E+3	-0.000131	0.000107	-0.000111	0.000166	-1.034276	1.549312
143	3	WTHQQFAT		0.00E+0	Streptavidin	3.00E+3	-0.000029	0.000167	-0.000115	-0.000124	-0.690641	-0.740859
144	0	WTHRQFAT		0.00E+0	Streptavidin	3.00E+3	0.000008	0.000165	-0.000235	0.000052	-1.423690	0.313050
144	1	WTHRQFAT		0.00E+0	Streptavidin	3.00E+3	0.000024	0.000216	-0.000036	-0.000107	-0.164630	-0.493927
144	2	WTHRQFAT		0.00E+0	Streptavidin	3.00E+3	0.000016	0.000213	0.000197	0.000288	0.924236	1.351593
145	0	WTHSQFAT		0.00E+0	Streptavidin	3.00E+3	0.000058	0.000215	0.000261	0.000232	1.212195	1.076826
145	1	WTHSQFAT		0.00E+0	Streptavidin	3.00E+3	0.000140	0.000161	0.000349	0.000066	2.167346	0.411407
146	0	WTHTQFAT		0.00E+0	Streptavidin	3.00E+3	0.000124	0.000159	0.000121	0.000401	0.764047	2.526883
146	1	WTHTQFAT		0.00E+0	Streptavidin	3.00E+3	0.000014	0.000188	0.000064	-0.000162	0.340893	-0.862488
146	2	WTHTQFAT		0.00E+0	Streptavidin	3.00E+3	-0.000030	0.000187	-0.000220	-0.000145	-1.174246	-0.775098
147	0	WTHVQFAT		0.00E+0	Streptavidin	3.00E+3	-0.000072	0.000216	0.000090	-0.000100	0.414978	-0.461638
147	1	WTHVQFAT		0.00E+0	Streptavidin	3.00E+3	-0.000057	0.000214	-0.000228	-0.000071	-1.067560	-0.330473
147	2	WTHVQFAT		0.00E+0	Streptavidin	3.00E+3	0.000176	0.000188	0.000153	-0.000162	0.810984	-0.861392
148	0	WTHWQFAT		0.00E+0	Streptavidin	3.00E+3	-0.000138	0.000240	-0.000172	0.000283	-0.716403	1.177715
148	1	WTHWQFAT		0.00E+0	Streptavidin	3.00E+3	0.000014	0.000185	0.000046	0.000091	0.250738	0.491070
148	2	WTHWQFAT		0.00E+0	Streptavidin	3.00E+3	0.000018	0.000222	-0.000148	0.000071	-0.666455	0.320525
149	0	WTHYQFAT		0.00E+0	Streptavidin	3.00E+3	-0.000063	0.000164	0.000075	0.000216	0.459280	1.317998
149	1	WTHYQFAT		0.00E+0	Streptavidin	3.00E+3	-0.000012	0.000111	-0.000096	-0.000072	-0.867500	-0.651107
150	0	WTIPQFAT		0.00E+0	Streptavidin	3.00E+3	0.000026	0.000246	-0.000143	-0.000048	-0.584262	-0.193499
150	1	WTIPQFAT		0.00E+0	Streptavidin	3.00E+3	0.000031	0.000215	0.000131	0.000272	0.610761	1.265023
150	2	WTIPQFAT		0.00E+0	Streptavidin	3.00E+3	-0.000008	0.000277	0.000121	0.000290	0.436666	1.046142
151	0	WTKPQFAT		0.00E+0	Streptavidin	3.00E+3	-0.000110	0.000133	-0.000293	-0.000259	-2.200133	-1.943529
151	1	WTKPQFAT		0.00E+0	Streptavidin	3.00E+3	-0.000071	0.000317	-0.000056	0.000178	-0.176218	0.559908
151	2	WTKPQFAT		0.00E+0	Streptavidin	3.00E+3	0.000011	0.000164	0.000054	-0.000086	0.328562	-0.526142
151	3	WTKPQFAT		0.00E+0	Streptavidin	3.00E+3	0.000087	0.000187	-0.000007	-0.000076	-0.039432	-0.408848
152	0	WTLPQFAT		0.00E+0	Streptavidin	3.00E+3	-0.000008	0.000268	-0.000064	0.000063	-0.239663	0.236863
152	1	WTLPQFAT		0.00E+0	Streptavidin	3.00E+3	0.000089	0.000110	-0.000162	-0.000236	-1.475151	-2.148105
153	0	WTMPQFAT		0.00E+0	Streptavidin	3.00E+3	-0.000038	0.000163	-0.000072	-0.000007	-0.443838	-0.041548
153	1	WTMPQFAT		0.00E+0	Streptavidin	3.00E+3	-0.000006	0.000246	0.000076	0.000101	0.307062	0.411189
153	2	WTMPQFAT		0.00E+0	Streptavidin	3.00E+3	-0.000057	0.000187	-0.000039	-0.000218	-0.206825	-1.168684
153	3	WTMPQFAT		0.00E+0	Streptavidin	3.00E+3	0.000042	0.000157	-0.000099	0.000027	-0.633108	0.174383
154	0	WTNPQFAT		0.00E+0	Streptavidin	3.00E+3	0.000085	0.000319	0.000101	0.000394	0.317349	1.237472
154	1	WTNPQFAT		0.00E+0	Streptavidin	3.00E+3	0.000016	0.000215	-0.000015	-0.000108	-0.071969	-0.501510
154	2	WTNPQFAT		0.00E+0	Streptavidin	3.00E+3	-0.000022	0.000243	0.000028	0.000206	0.114814	0.847969
154	3	WTNPQFAT		0.00E+0	Streptavidin	3.00E+3	-0.000075	0.000158	0.000176	0.000038	1.111357	0.237736
155	0	WTPPQFAT		0.00E+0	Streptavidin	3.00E+3	-0.000040	0.000158	0.000087	-0.000083	0.550260	-0.527011
155	1	WTPPQFAT		0.00E+0	Streptavidin	3.00E+3	0.000085	0.000211	0.000291	0.000143	1.376479	0.677247
155	2	WTPPQFAT		0.00E+0	Streptavidin	3.00E+3	-0.000035	0.000245	0.000371	-0.000454	1.516686	-1.851854
156	0	WTQPQFAT		0.00E+0	Streptavidin	3.00E+3	-0.000001	0.000267	-0.000201	-0.000017	-0.751181	-0.063283
156	1	WTQPQFAT		0.00E+0	Streptavidin	3.00E+3	-0.000113	0.000162	-0.000378	-0.000269	-2.334866	-1.665495
156	2	WTQPQFAT		0.00E+0	Streptavidin	3.00E+3	-0.000051	0.000220	0.000102	-0.000170	0.466868	-0.774360
156	3	WTQPQFAT		0.00E+0	Streptavidin	3.00E+3	-0.000015	0.000251	0.000087	-0.000021	0.346855	-0.083543
157	0	WTRPQFAT		0.00E+0	Streptavidin	3.00E+3	-0.000168	0.000162	-0.000045	-0.000262	-0.281191	-1.619827
157	1	WTRPQFAT		0.00E+0	Streptavidin	3.00E+3	-0.000169	0.000136	0.000014	0.000127	0.101013	0.938577
157	2	WTRPQFAT		0.00E+0	Streptavidin	3.00E+3	-0.000016	0.000267	0.000157	0.000035	0.588851	0.130251
158	0	WTSPQFAT		0.00E+0	Streptavidin	3.00E+3	0.000020	0.000242	-0.000123	0.000177	-0.507402	0.734626
158	1	WTSPQFAT		0.00E+0	Streptavidin	3.00E+3	0.000019	0.000159	-0.000144	0.000370	-0.907910	2.327707
158	2	WTSPQFAT		0.00E+0	Streptavidin	3.00E+3	0.000064	0.000216	0.000195	0.000077	0.901697	0.357978
158	3	WTSPQFAT		0.00E+0	Streptavidin	3.00E+3	0.000075	0.000159	-0.000035	0.000007	-0.221249	0.041673
159	0	WTTPQFAT		0.00E+0	Streptavidin	3.00E+3	0.000057	0.000263	0.000055	0.000204	0.208231	0.777247
159	1	WTTPQFAT		0.00E+0	Streptavidin	3.00E+3	0.000070	0.000184	0.000194	0.000093	1.049619	0.506507
160	0	WTVPQFAT		0.00E+0	Streptavidin	3.00E+3	-0.000043	0.000162	-0.000081	0.000024	-0.502825	0.148504
161	0	WTWPQFAT		0.00E+0	Streptavidin	3.00E+3	0.000016	0.000264	0.000142	0.000233	0.539385	0.882191
161	1	WTWPQFAT		0.00E+0	Streptavidin	3.00E+3	-0.000032	0.000163	-0.000102	0.000019	-0.625780	0.118614
161	2	WTWPQFAT		0.00E+0	Streptavidin	3.00E+3	0.000021	0.000161	0.000265	0.000137	1.645773	0.849221
162	0	WTYPQFAT		0.00E+0	Streptavidin	3.00E+3	0.000094	0.000223	-0.000021	0.000083	-0.093459	0.373298
162	1	WTYPQFAT		0.00E+0	Streptavidin	3.00E+3	-0.000090	0.000271	-0.000127	-0.000015	-0.467776	-0.054614
162	2	WTYPQFAT		0.00E+0	Streptavidin	3.00E+3	0.000012	0.000213	0.000061	0.000208	0.287367	0.977878
163	0	WVHPQFAT		0.00E+0	Streptavidin	3.00E+3	-0.000065	0.000300	0.001021	0.000759	3.397136	2.525489
163	1	WVHPQFAT		0.00E+0	Streptavidin	3.00E+3	-0.000062	0.000222	0.001127	0.000675	5.083768	3.044531
163	2	WVHPQFAT		0.00E+0	Streptavidin	3.00E+3	0.000008	0.000305	0.001141	0.000742	3.739224	2.432266
163	3	WVHPQFAT		0.00E+0	Streptavidin	3.00E+3	-0.000045	0.000210	0.001110	0.000793	5.286836	3.777858
164	0	WWHPQFAT		0.00E+0	Streptavidin	3.00E+3	-0.000008	0.000162	0.000961	0.000685	5.917580	4.220097
164	1	WWHPQFAT		0.00E+0	Streptavidin	3.00E+3	-0.000000	0.000161	0.001315	0.000694	8.158196	4.302701
164	2	WWHPQFAT		0.00E+0	Streptavidin	3.00E+3	0.000136	0.000276	0.001483	0.000731	5.369932	2.647220
165	0	WYHPQFAT		0.00E+0	Streptavidin	3.00E+3	0.000094	0.000219	0.001255	0.000960	5.743904	4.391442
165	1	WYHPQFAT		0.00E+0	Streptavidin	3.00E+3	-0.000032	0.000159	0.000940	0.000360	5.919551	2.270190
165	2	WYHPQFAT		0.00E+0	Streptavidin	3.00E+3	0.000019	0.000189	0.001442	0.000491	7.641935	2.602404
166	0	YTHPQFAT		0.00E+0	Streptavidin	3.00E+3	0.000048	0.000195	0.001182	0.001053	6.060152	5.400275
166	1	YTHPQFAT		0.00E+0	Streptavidin	3.00E+3	-0.000034	0.000216	0.001258	0.001062	5.831007	4.920971
166	2	YTHPQFAT		0.00E+0	Streptavidin	3.00E+3	-0.000008	0.000222	0.001489	0.001005	6.698243	4.522338
166	3	YTHPQFAT		0.00E+0	Streptavidin	3.00E+3	0.000018	0.000222	0.001807	0.001183	8.141744	5.332089
