AISPPPK	9,21,64,112,123,171,279,340,349,395,459,468,477,497,525,543,583,624,661,675,678,692,728,737,758,801,810,822,857,875,884,947,952,957,1003,1025,1049,1061,1078,1127,1139,1151,1160,1233,1247,1261,1272,1281,1359,1367,1423,1437,1445,1448,1454,1469,1493,1537,1540,1548,1564,1597,1609,1617,1635,1641,1643,1676,1699,1720,1741,1747,1813,1842
WHPQFAT	385,1420,1517,1567
WTHPQAT	328,595
WTHPQFA	734,798,819,1484
WTPQFAT	1478,1490,1801,1874
LQWHPQAK	652,1012,1031,1534
QGRNSPAP	37,46,70,97,142,225,264,276,313,322,343,370,379,382,393,426,429,434,465,494,500,502,511,520,597,609,680,704,713,775,792,828,848,907,909,944,1104,1116,1192,1230,1264,1295,1301,1378,1390,1402,1432,1463,1511,1523,1527,1585,1591,1606,1623,1629,1632,1673,1694,1764,1773,1886
TKTSPLNS	67,85,100,131,168,177,208,219,267,293,299,305,319,325,364,387,390,404,418,437,482,508,528,551,592,600,695,710,743,746,752,755,761,770,816,896,912,1034,1043,1046,1087,1101,1110,1122,1136,1148,1154,1198,1210,1215,1255,1278,1286,1289,1298,1307,1350,1426,1429,1466,1481,1496,1505,1520,1529,1531,1555,1594,1702,1705,1761,1779,1781,1792,1845,1871,1877
TTHPQFAT	249,722,1738,1860
VKLTALND	24,43,52,80,91,94,165,174,186,189,198,216,237,296,302,308,316,357,412,439,441,444,456,485,488,549,565,571,580,606,627,669,698,739,741,764,767,804,807,837,851,904,915,923,929,950,955,1028,1064,1072,1084,1119,1145,1166,1181,1190,1236,1267,1304,1332,1344,1356,1399,1411,1435,1475,1600,1654,1662,1664,1670,1682,1691,1696,1723,1735,1790,1834
WMHPQFAT	471,683,1451,1848
WQHPQFAT	261,1096,1711
WTHDQFAT	139,1163,1269,1329
WTHPMFAT	644,1055,1312,1502
WTHPQFAK	58,162,514,1125
WTHPQFAT	1,3,14,16,18,29,31,34,40,55,61,75,88,129,145,210,214,243,334,406,420,630,639,672,725,843,966,969,975,987,990,992,994,1015,1017,1019,1022,1040,1107,1244,1250,1310,1326,1375,1395,1570,1638,1770,1819,1837,1839,1851,1863,1866,1868,1880,1889,1891
WTHPQFIT	615,749,1213,1258
WTHPQKAT	200,231,997
WTHPQSAT	270,1175,1207,1714
WTHPQWAT	474,649,707,1732
WTHPQYAT	291,795,854,1195
WTHSQFAT	1558,1576,1626
WWHPQFAT	557,655,813,1708
DQWHPQAGK	453,537,1093,1384
LQKHPQAGK	331,354,1006
LQLHPQAGK	6,1238,1414,1679
LQWHPFAGK	1169,1561,1784,1883
LQWHPQACK	1582,1758
LQWHPQAFK	126,540,1405
LQWHPQAGN	618,1142,1347,1365
LQWHPQAGW	137,1069,1620
LQWHPQAIK	462,898,1372,1514
LQWHPQAKK	716,1315,1825,1828
LQWHPQAQK	398,689,1370
LQWHPQAVK	491,878
LQWHPQAWK	778,860,1776,1857
LQWHPQCGK	346,359,1081
LQWHPQHGK	154,1472,1822
LQWHPQIGK	409,450,563,932
LQWHPQLGK	686,1460
LQWHPQRGK	103,787,1798
LQWHPQWGK	310,641,1341,1387
LQWHVQAGK	574,1338,1753,1787
LQWNPQAGK	115,701
LQYHPQAGK	869,1000,1227,1755
EQKLISEEDL	27,49,72,106,180,183,195,202,205,212,228,252,255,258,288,337,361,415,431,480,531,560,577,589,612,621,636,772,834,840,926,935,938,960,978,981,984,1009,1058,1075,1113,1133,1178,1187,1201,1221,1224,1253,1283,1292,1321,1324,1335,1362,1397,1487,1499,1525,1543,1546,1573,1579,1612,1614,1646,1657,1688,1717,1726,1767,1795,1804,1816
EKFPIPLGKQSG	246,781,941,1807
GCFPIPLGKQSG	352,658,1204,1392
GKFHIPLGKQSG	367,373,825,1603
GKFPAPLGKQSG	273,554,1381,1729
GKFPIGLGKQSG	222,901,1275
GKFPIPFGKQSG	109,376,887,1440
GKFPIPIGKQSG	831,890,1649
GKFPIPLCKQSG	1130,1318,1417,1442
GKFPIPLGHQSG	401,1241,1810
GKFPIPLGKQCG	157,240,568,963
GKFPIPLGKQQG	192,522,872,1553
GKFPIPSGKQSG	234,845,972,1685
WKFPIPLGKQSG	120,893,1652,1667
KGQFQVWIPGAQK	77,134,148,447,534,646,664,719,731,1037,1052,1066,1184,1218,1353,1508
NGQFGVWIPGAQK	151,423,1457
NGQFQSWIPGAQK	586,784,1550,1831
NGQFQVWIPGASK	82,517,1172,1408
NGQFQVWIPGWQK	666,866,1090,1750
NGQFQVWIPNAQK	12,117,863
NGQFQVWLPGAQK	633,790,1659
NGQFQVWWPGAQK	160,505,603,1854
NGQFRVWIPGAQK	282,546,1588
NSQFQVWIPGAQK	881,917,1744
VGQFQVWIPGAQK	285,920,1099,1157
