ATHPQFAT	362,507,709,1097
CTHPQFAT	551,1544,2417
DTHPQFAT	1877,2270,2298
DYKDDDDK	46,74,80,92,102,117,134,136,175,178,210,306,322,336,390,423,469,495,513,535,546,678,744,822,841,876,897,941,969,999,1040,1043,1186,1219,1308,1311,1333,1345,1354,1366,1422,1538,1579,1653,1674,1700,1706,1832,1834,1848,1854,1860,1863,1904,1955,1969,1983,1994,2040,2043,2105,2134,2221,2236,2257,2265,2304,2344,2411,2463,2474,2482,2491,2521,2544,2553,2610
ETHPQFAT	1147,2238
FTHPQFAT	2230,2488
GTHPQFAT	730,1464
HTHPQFAT	233,656,2565
ITHPQFAT	524,1758,1898,1948
KTHPQFAT	11,1883
LQHPQAGK	800,868,994
LQWHPAGK	913,1427,2529
LQWHPQAG	980,1133,1709,2316
LQWHPQAK	950,1401,1425,2194
LQWHPQGK	764,1438,2197
LQWHQAGK	265,492,2167
LQWPQAGK	1231,2336
LTHPQFAT	274,319,723,816
LWHPQAGK	1866,2182
MTHPQFAT	418,1587,1869,2434
NTHPQFAT	574,772
PTHPQFAT	565,900,1351,1511
QGRNSPAP	49,66,111,150,207,301,365,381,454,472,504,538,576,579,591,620,627,630,692,728,739,741,758,769,862,886,978,997,1008,1104,1116,1172,1208,1263,1265,1330,1541,1556,1641,1702,1750,1788,1803,1960,1986,2013,2065,2089,2169,2184,2187,2267,2273,2313,2321,2327,2333,2379,2400,2502,2513,2633
QTHPQFAT	384,1680,1974,2547
QWHPQAGK	972,1797,2128,2639
RTHPQFAT	408,1398,1952,2391
STHPQFAT	1084,1119,1704
TKIPTPIV	24,100,147,186,248,298,376,403,445,475,519,563,588,632,675,701,704,736,794,824,836,859,905,907,1062,1142,1239,1282,1285,1302,1305,1314,1316,1458,1480,1508,1517,1558,1590,1612,1661,1697,1723,1806,1840,1915,1922,1934,1940,1963,1966,1977,1996,2010,2019,2022,2097,2114,2146,2164,2233,2254,2287,2310,2319,2361,2371,2445,2448,2471,2480,2504,2550,2559
TKTSPLNS	105,125,161,193,238,246,285,295,370,401,421,434,466,478,532,582,585,600,613,635,712,749,777,805,856,865,986,1005,1034,1045,1053,1059,1078,1101,1152,1254,1268,1430,1447,1450,1523,1535,1550,1564,1570,1585,1595,1647,1664,1672,1740,1764,1767,1772,1800,1824,1931,2049,2052,2099,2122,2143,2155,2180,2189,2191,2213,2276,2408,2414,2499,2524,2526,2534,2584,2612,2621
TTHPQFAT	334,1019,2477,2599
VKLTALND	30,63,72,122,139,144,230,241,254,268,280,292,317,406,429,448,457,526,608,637,639,647,664,715,720,803,827,838,847,881,916,961,991,1030,1032,1087,1093,1136,1139,1188,1214,1257,1279,1294,1297,1336,1339,1419,1477,1483,1520,1561,1582,1618,1627,1639,1712,1753,1812,1889,1912,1937,2007,2025,2068,2111,2295,2350,2364,2366,2374,2385,2397,2402,2451,2469,2532,2571
VTHPQFAT	243,808,1895,2108
WAHPQFAT	792,1248,1686
WCHPQFAT	789,1497,2282,2368
WDHPQFAT	1071,1124,2251
WEHPQFAT	414,2002,2539
WFHPQFAT	786,1234,1381
WGHPQFAT	1065,1650,1827,1851
WHHPQFAT	895,1791,2581
WIHPQFAT	1161,1906,2394
WKHPQFAT	94,884,2080
WLHPQFAT	251,481,2074,2177
WMHPQFAT	695,983,2077,2587
WNHPQFAT	684,747,2388
WPHPQFAT	1505,1573,1715
WQHPQFAT	360,1532,2423
WRHPQFAT	277,2091,2152
WSHPQFAT	344,989,1228,1999
WTAPQFAT	568,1090,1384
WTCPQFAT	1299,1529,1761,2032
WTDPQFAT	236,314,830,1901
WTEPQFAT	1416,1837,2359
WTFPQFAT	819,850,1775,2263
WTGPQFAT	775,933,1466,2454
WTHAQFAT	224,653,1615,2279
WTHCQFAT	2330
WTHDQFAT	204,1609,1755,1886
WTHEQFAT	1166,1444,1821,2618
WTHFQFAT	487,879
WTHGQFAT	1010,1456,1732
WTHHQFAT	557,783,1735
WTHIQFAT	752,797,833,2062
WTHKQFAT	463,1786,2631
WTHLQFAT	5,1461,2119
WTHMQFAT	271,2131,2518
WTHNQFAT	353,529,1169,1553
WTHPAFAT	498,935,1469,2046
WTHPCFAT	516,924,2207,2382
WTHPDFAT	41,198,501
WTHPEFAT	623,1175,1943,2117
WTHPFFAT	61,216,350,1720
WTHPGFAT	1225,1319,1433,2083
WTHPHFAT	311,597,1051,1251
WTHPIFAT	14,644,2440
WTHPKFAT	541,1276,2016
WTHPLFAT	196,618,1113
WTHPMFAT	944,1453,1845,2149
WTHPNFAT	1597,2158,2596
WTHPPFAT	393,1191,2260
WTHPQAAT	1392,1945,1971,2377
WTHPQCAT	184,367,733
WTHPQDAT	1621,1871
WTHPQEAT	594,605,718,1435
WTHPQFAA	554,1488,2140
WTHPQFAC	958,1127,2494
WTHPQFAD	8,437,1778,2347
WTHPQFAE	158,1600,2628
WTHPQFAF	44,325,459,2460
WTHPQFAG	219,780,1928,2030
WTHPQFAH	726,1068,1203,2457
WTHPQFAI	347,1830,2510
WTHPQFAK	83,222,766,1567
WTHPQFAL	670,2285,2578
WTHPQFAM	658,902,1107,1592
WTHPQFAN	181,1815,1992,2542
WTHPQFAP	1024,1472,1874,2428
WTHPQFAQ	108,155,661,2568
WTHPQFAR	681,1270,1502
WTHPQFAS	411,975,1677
WTHPQFAT	1,3,17,19,21,33,35,38,52,77,97,114,128,191,213,287,290,328,484,602,615,919,938,967,1027,1194,1357,1360,1369,1372,1375,1377,1379,1404,1406,1408,1411,1441,1547,1718,1737,1843,1880,1957,2004,2227,2341,2507,2562,2574,2576,2590,2602,2605,2607,2624,2641,2643
WTHPQFAV	1222,1348,1514,1809
WTHPQFAW	1237,1636,2248,2615
WTHPQFAY	331,2137
WTHPQFCT	1181,2199,2290,2425
WTHPQFDT	355,1342,1989
WTHPQFET	1056,1770,2307
WTHPQFFT	761
WTHPQFGT	814,844,2405
WTHPQFHT	1630,1909,2293
WTHPQFIT	892,1048,1670,1745
WTHPQFKT	167,672,2241
WTHPQFLT	55,560,1013,2054
WTHPQFMT	2086
WTHPQFNT	571,2037
WTHPQFPT	2071,2353,2593
WTHPQFQT	689,1121,1324,1980
WTHPQFRT	338,2161,2556
WTHPQFST	58,440,1211,1729
WTHPQFTT	396,416,874
WTHPQFVT	650,1363,2035,2125
WTHPQFWT	1110,1260,1603,1748
WTHPQFYT	930,1486,1576,2537
WTHPQGAT	686,1016,1081,2216
WTHPQHAT	667,853,1144,1395
WTHPQIAT	257,2174,2224
WTHPQKAT	282,309,1387
WTHPQLAT	1919,2028,2171,2626
WTHPQMAT	27,1021,1158,1197
WTHPQNAT	1683
WTHPQPAT	544,548,1794
WTHPQQAT	1726,1892,2437
WTHPQRAT	964,1095,1818,1857
WTHPQSAT	373,1624,1658,2431
WTHPQTAT	1321,1389,1694
WTHPQVAT	227,2202,2356
WTHPQWAT	698,947,1002,2466
WTHPQYAT	399,1130,1217,1644
WTHPRFAT	461,1073,1242
WTHPSFAT	1200,1414,1655
WTHPTFAT	164,1288
WTHPVFAT	152,642,1178
WTHPWFAT	69,169,2443
WTHPYFAT	871,1099,1499
WTHQQFAT	755,1163,1291,2094
WTHRQFAT	172,1076,2515
WTHSQFAT	2218,2244,2324
WTHTQFAT	358,952,2246
WTHVQFAT	303,1245,2301
WTHWQFAT	89,387,1692
WTHYQFAT	927,1206
WTIPQFAT	489,625,1783
WTKPQFAT	442,611,922,1917
WTLPQFAT	262,1689
WTMPQFAT	201,706,1925,2496
WTNPQFAT	86,910,1327,2339
WTPPQFAT	426,510,2485
WTQPQFAT	189,521,1037,1667
WTRPQFAT	260,1494,1526
WTSPQFAT	131,432,451,2210
WTTPQFAT	1475,2102
WTVPQFAT	1491
WTWPQFAT	1155,1780,2057
WTYPQFAT	119,1606,1743
WVHPQFAT	341,379,889,1273
WWHPQFAT	811,955,1149,2420
WYHPQFAT	142,1183,2059
YTHPQFAT	1633,1950,2204,2636
