AQWHPQAGK	1271,1374
CQWHPQAGK	742,815,926,1602
DQWHPQAGK	320,393,890,1172
EQWHPQAGK	655,701,1492
FQWHPQAGK	413,468,981
GQWHPQAGK	660,748,1377,1596
HQWHPQAGK	181,486,1134
IQWHPQAGK	213,509,602,858
KQWHPQAGK	56,231,1155,1252
LAWHPQAGK	69,905
LCWHPQAGK	692,759,902
LDWHPQAGK	494,646,932,1460
LEWHPQAGK	96,540,1228,1495
LFWHPQAGK	15,649
LGWHPQAGK	500,1247
LHWHPQAGK	225,1026,1078,1501
LIWHPQAGK	887,1297,1452
LKWHPQAGK	1166,1441,1569
LLWHPQAGK	844,1564
LMWHPQAGK	573,975,978,1020
LNWHPQAGK	914,992,1334,1558
LPWHPQAGK	564,968,1029,1099
LQAHPQAGK	1035,1380,1438,1626
LQCHPQAGK	1268
LQDHPQAGK	797,1163,1475,1584
LQEHPQAGK	154,1069,1513
LQFHPQAGK	773,1286,1455
LQGHPQAGK	172,287,757
LQHHPQAGK	113,184,416,920
LQIHPQAGK	973,1347
LQKHPQAGK	219,243,812
LQLHPQAGK	1,1012,1202,1466
LQMHPQAGK	444,1533,1620
LQNHPQAGK	90,559,911,1093
LQPHPQAGK	266,644,1023,1140
LQQHPQAGK	517,1207,1289,1316
LQRHPQAGK	145,399,459,923
LQSHPQAGK	269,435,776,1047
LQTHPQAGK	418,1308
LQVHPQAGK	36,562,1274
LQWAPQAGK	222,846,1009
LQWCPQAGK	136,255,260,1149
LQWDPQAGK	806,1341
LQWEPQAGK	371,489,899
LQWFPQAGK	157,166,429,986
LQWGPQAGK	196,698
LQWHAQAGK	133,465,878,1060
LQWHCQAGK	293,450,506
LQWHDQAGK	709,1137
LQWHEQAGK	160,1044
LQWHFQAGK	1041
LQWHGQAGK	617,1236,1313
LQWHHQAGK	1432,1472
LQWHIQAGK	272,284
LQWHKQAGK	48,118,623,767
LQWHLQAGK	127,462,953,995
LQWHMQAGK	567,1014,1322
LQWHNQAGK	356,724
LQWHPAAGK	959,1336
LQWHPCAGK	1510
LQWHPDAGK	852,1331,1572
LQWHPEAGK	1593
LQWHPFAGK	938,1359,1546,1623
LQWHPGAGK	581,638,733
LQWHPHAGK	18,941
LQWHPIAGK	299,779,1180,1614
LQWHPKAGK	105,1259
LQWHPLAGK	99,1210,1469
LQWHPMAGK	228,441,626,864
LQWHPNAGK	751,829,1244
LQWHPPAGK	4,1575
LQWHPQAAK	139,178,1087
LQWHPQACK	1383,1530
LQWHPQADK	124,258,1578
LQWHPQAEK	374
LQWHPQAFK	81,410,1185
LQWHPQAGA	803,917,1400,1406
LQWHPQAGC	93,635,683,875
LQWHPQAGD	947,1391
LQWHPQAGE	715,824,1457
LQWHPQAGF	514,730,791,935
LQWHPQAGG	24,629,1449
LQWHPQAGH	75,210,838
LQWHPQAGI	60,672,869,965
LQWHPQAGK	102,187,237,308,380,391,396,453,605,632,680,745,800,832,1038,1055,1058,1090,1102,1143,1213,1280,1371,1385,1394,1487,1555
LQWHPQAGL	110,199,1191
LQWHPQAGM	33,497,1429
LQWHPQAGN	483,908,1128,1152
LQWHPQAGP	531,593,611,1175
LQWHPQAGQ	368,386,584
LQWHPQAGR	835,1032,1325,1538
LQWHPQAGS	302,388,764,1146
LQWHPQAGT	142,477,962
LQWHPQAGV	344,1111,1249,1368
LQWHPQAGW	87,867,1414
LQWHPQAGY	290,1119,1353,1403
LQWHPQAHK	130,551,658,727
LQWHPQAIK	329,712,1160,1328
LQWHPQAKK	556,1084,1587,1590
LQWHPQALK	42,151,314,491
LQWHPQAMK	45,456,1283
LQWHPQANK	1050,1254,1310
LQWHPQAPK	335,471,1066,1188
LQWHPQAQK	275,528,1158
LQWHPQARK	193,590,841,1611
LQWHPQASK	66,116,362,818
LQWHPQATK	666,989
LQWHPQAVK	353,689
LQWHPQAWK	587,652,1541,1608
LQWHPQAYK	175,641,821
LQWHPQCGK	234,249,881
LQWHPQDGK	53,1194,1443,1481
LQWHPQEGK	721,872,1535
LQWHPQFGK	1183,1222
LQWHPQGGK	537,736,1231
LQWHPQHGK	107,1277,1581
LQWHPQIGK	281,317,438,739
LQWHPQKGK	677,1017
LQWHPQLGK	525,1262
LQWHPQMGK	1000,1006,1072,1256
LQWHPQNGK	1463
LQWHPQPGK	305,338,997
LQWHPQQGK	21,1265,1362
LQWHPQRGK	72,599,1561
LQWHPQSGK	855,896,1356,1409
LQWHPQTGK	84,350,1319,1507
LQWHPQVGK	474,1350,1420
LQWHPQWGK	202,503,1117,1177
LQWHPQYGK	782
LQWHPRAGK	263,1292
LQWHPSAGK	58,970,1242
LQWHPTAGK	169,663,950
LQWHPVAGK	39,246,543,770
LQWHPWAGK	341,402,1549
LQWHPYAGK	323,1219,1617
LQWHQQAGK	520,553,1411
LQWHRQAGK	205,534
LQWHSQAGK	332,421,704,929
LQWHTQAGK	523,1423,1605
LQWHVQAGK	447,1114,1525,1552
LQWHWQAGK	849,1490
LQWHYQAGK	608,956,1096
LQWIPQAGK	252,794
LQWKPQAGK	296,1108,1295
LQWLPQAGK	27,754,827,1125
LQWMPQAGK	278,359,511,1234
LQWNPQAGK	78,546
LQWPPQAGK	377,762,1417,1504
LQWQPQAGK	190,578,1053,1397
LQWRPQAGK	12,216,707
LQWSPQAGK	893,1303,1388,1516
LQWTPQAGK	407,1300,1435
LQWVPQAGK	614
LQWWPQAGK	63,1498
LQWYPQAGK	163,570,575,1105
LQYHPQAGK	675,809,1003,1527
LRWHPQAGK	326,1075,1122
LSWHPQAGK	480,1131,1200,1522
LTWHPQAGK	983,1063,1169,1426
LVWHPQAGK	7,9,1197,1204
LWWHPQAGK	347,596,884,1081
LYWHPQAGK	944,1216,1544,1566
MQWHPQAGK	240,365,548,1365
NQWHPQAGK	207,383,669,861
PQWHPQAGK	686,785,1478
QQWHPQAGK	424,1239,1484
RQWHPQAGK	148,695,1339
SQWHPQAGK	311,404,1519
TQWHPQAGK	121,432,788,1446
VQWHPQAGK	620,718,1599
WQWHPQAGK	30,1305
YQWHPQAGK	51,426,1225,1344
